Unique_Seq_ID	Mod_Count	Mod_Description	Monoisotopic_Mass
1	0		784.4330301
2	0		1053.6181890
3	0		1706.8602022
4	0		1948.0392157
5	0		2680.1736876
6	0		1200.6535825
7	0		2729.3540372
8	0		2022.1988765
9	0		1313.6251175
10	0		1307.7812192
11	0		1715.8623788
12	0		885.5170881
13	0		1670.8514704
14	0		1512.8551053
15	0		1085.6120435
16	0		3650.8322412
17	0		1575.6948449
18	0		924.5643701
19	0		2456.3459918
20	0		2328.2510363
21	0		1620.8292951
22	0		2036.0135094
23	0		3065.5191755
24	0		1244.6400413
25	0		1607.7646472
26	0		1747.7657067
27	0		2128.1349541
28	0		1803.9266927
29	0		1576.7884816
30	0		1946.0148346
31	0		2855.4710640
32	0		1301.6826288
33	0		4589.3691375
34	0		4298.2108592
35	0		3939.0263683
36	0		1383.6525914
37	0		4453.2473122
38	0		919.4762856
39	0		1988.9763993
40	0		2102.0543977
41	0		2015.9799010
42	0		2172.0545127
43	0		1988.9975261
44	1	Plus1Oxy:3	2004.9924411
45	0		3727.7204546
46	1	Plus1Oxy:37	3743.7153696
47	1	Plus1Oxy:13	3743.7153696
48	0		1534.7700562
49	0		2642.3485023
50	0		2486.2474014
51	0		2046.0996181
52	0		2174.1945736
53	0		1083.5236251
54	0		2337.1136941
55	1	NH3_Loss:1	2320.0871461
56	0		2075.1162695
57	0		1907.9264161
58	0		1218.5338654
59	0		1806.8973698
60	0		4334.1241683
61	0		1519.7517630
62	0		4091.0022747
63	0		2832.3829686
64	0		2556.2355878
65	0		3576.7847001
66	0		2793.3720712
67	0		2921.4670266
68	0		2249.1075486
69	0		3624.8132226
70	1	Plus1Oxy:32	3640.8081376
71	0		1577.8048565
72	0		3496.7182671
73	0		1896.9290599
74	0		2021.9037735
75	0		1906.0563051
76	0		1678.8929409
77	0		2153.0388059
78	0		1204.6451272
79	0		1041.5818044
80	0		2187.0734629
81	0		2140.0363528
82	0		878.3809962
83	0		1279.6659199
84	0		1208.6288099
85	0		3113.4551381
86	1	Plus1Oxy:6	3129.4500531
87	0		2325.1024627
88	0		1877.8906996
89	0		654.3376831
90	0		2256.1782672
91	0		1858.9345373
92	1	Plus1Oxy:3	1874.9294523
93	0		3895.8314509
94	0		884.5443029
95	0		2530.2630617
96	0		2374.1619608
97	1	Plus1Oxy:1	2390.1568758
98	0		2602.4216520
99	0		2730.5166074
100	0		2020.0475842
101	0		2148.1425397
102	0		3102.5256550
103	0		887.4136883
104	0		2213.9388220
105	0		2911.4496607
106	0		3067.5507616
107	0		2755.3485598
108	0		2911.4496607
109	1	Plus1Oxy:6	2927.4445757
110	1	Plus1Oxy:6	2771.3434748
111	0		1776.9117688
112	0		1395.7469537
113	0		2652.2641103
114	0		3094.4816848
115	0		3706.6805574
116	0		2305.0247983
117	0		905.4970209
118	0		1326.6376566
119	0		1581.8071663
120	0		1082.5131191
121	0		3850.8800470
122	0		1019.5763270
123	0		3442.5621654
124	0		1152.6025972
125	0		2307.9701316
126	0		1694.7647795
127	1	Plus1Oxy:2	2307.9952857
128	0		2292.0003707
129	0		2875.4350600
130	0		3008.4725615
131	0		1083.5963942
132	0		982.5487208
133	0		869.4646627
134	0		2070.1472341
135	0		2223.1534371
136	0		3462.8033163
137	0		904.5017728
138	0		762.4275526
139	0		758.4173807
140	0		3292.7375514
141	0		1504.8612508
142	0		868.4840154
143	0		2072.0399987
144	0		2032.0165621
145	0		1233.7332117
146	0		3316.6396291
147	0		1452.7459516
148	0		1938.0209800
149	0		1708.8783511
150	0		1465.7452261
151	0		2521.2786426
152	0		2393.1836871
153	0		1534.7601608
154	0		2490.2714950
155	0		1898.9157204
156	0		1446.6990036
157	0		1058.5607352
158	0		780.5221166
159	0		624.4210157
160	0		624.4210157
161	0		624.4210157
162	0		2295.2221798
163	0		1919.0124783
164	0		1252.6312055
165	0		3416.7874772
166	0		1157.6113865
167	0		1004.6018142
168	0		1330.7529558
169	0		1146.6317877
170	0		2761.4020337
171	0		2539.2223057
172	0		2133.1390380
173	0		924.5432433
174	0		2020.9199476
175	0		1807.7973859
176	0		3650.9193985
177	0		2200.2214543
178	0		1633.7987110
179	0		1176.6502132
180	0		2819.5584120
181	0		2244.2516934
182	0		2372.3466489
183	0		2119.1927885
184	0		1002.5385489
185	0		657.4060919
186	0		904.4078769
187	0		1339.6084086
188	0		867.5792939
189	0		1790.9301085
190	0		2422.2015020
191	0		1902.0209800
192	0		1885.8845541
193	0		1714.7546076
194	0		2649.4410047
195	0		2769.2703132
196	0		2925.3714141
197	0		884.4966869
198	0		783.4490134
199	0		1446.6778769
200	0		2320.1797072
201	0		3542.7349760
202	1	Plus1Oxy:7	3558.7298910
203	0		2245.1225299
204	0		2214.0585500
205	0		2029.0214290
206	0		1247.6873233
207	0		1282.6226753
208	0		1870.0311519
209	0		1470.7928995
210	0		3090.5330507
211	0		1649.8922264
212	0		1536.7306937
213	0		1584.8544482
214	0		2467.1986794
215	0		2247.2659601
216	0		1617.9453089
217	0		1991.9951588
218	0		3376.6694876
219	0		2261.0996865
220	0		2934.4663011
221	0		1834.9060148
222	0		1479.8660027
223	0		3936.0161499
224	0		1264.7502546
225	0		2399.1385817
226	0		2641.2804851
227	0		1950.9508547
228	0		2719.4154600
229	0		2762.3622333
230	0		999.6076256
231	0		3115.5864672
232	0		1049.5327484
233	0		857.5221740
234	0		797.4646627
235	0		2414.3168012
236	0		2488.2808081
237	0		1661.8147518
238	0		3337.7273330
239	0		2503.2739481
240	0		2283.1938481
241	0		2553.3073549
242	0		3419.6764626
243	0		2872.4771411
244	0		1780.9331722
245	0		1125.6393158
246	0		1324.7713813
247	0		1196.6764259
248	0		1223.7237078
249	0		1122.6760344
250	0		1009.5919763
251	0		1802.8798022
252	0		2744.3294198
253	1	Plus1Oxy:23	2760.3243348
254	1	Plus1Oxy:9	2760.3243348
255	0		645.3485805
256	0		1248.6939935
257	0		1490.8318705
258	1	Plus1Oxy:11	1506.8267855
259	1	NH3_Loss:1	1473.8053225
260	0		1117.6535141
261	0		863.4938533
262	0		2405.2001085
263	0		1058.4556078
264	0		1257.5876734
265	0		1898.9988512
266	0		4059.0912754
267	0		1074.5419182
268	0		2178.1029875
269	1	Plus1Oxy:8	2194.0979025
270	0		1677.8323194
271	0		1764.8643436
272	0		2063.0760493
273	0		1609.8173382
274	0		1218.6243920
275	0		1121.5716326
276	0		1184.6400413
277	0		1085.5716326
278	0		2716.4070622
279	0		3244.6362597
280	0		2104.0475842
281	0		2006.9948248
282	0		1538.7616009
283	0		2545.2290334
284	1	Plus1Oxy:18	2561.2239484
285	2	Plus1Oxy:16,Plus1Oxy:18	2577.2188634
286	0		778.3496975
287	0		1312.7536239
288	0		900.5102281
289	1	Plus1Oxy:1	1328.7485389
290	0		1181.7131445
291	0		948.5279855
292	0		2009.9437181
293	0		2387.2178768
294	0		1216.5943546
295	0		983.6014802
296	0		813.4959614
297	0		2617.3267650
298	0		2905.3649921
299	0		3304.7382085
300	0		698.3275112
301	0		3176.6432530
302	0		2624.4212605
303	0		2496.3263051
304	0		995.5902487
305	0		1194.7223143
306	0		2751.4839262
307	0		3740.0167212
308	0		2740.4930960
309	0		2612.3981406
310	0		826.5275940
311	0		1592.8885230
312	0		1323.7033641
313	0		1813.9169122
314	1	NH3_Loss:1	1796.8903642
315	0		2966.2697136
316	1	Plus1Oxy:19	2578.3385221
317	0		2562.3436071
318	1	Plus1Oxy:13	2578.3385221
319	0		1729.6059820
320	0		1184.6764259
321	0		1518.7425932
322	0		1333.6261770
323	0		2618.3624241
324	0		3450.7339164
325	0		2490.2674686
326	1	Plus1Oxy:9	1466.7074598
327	0		2283.0840372
328	0		1450.7125448
329	0		1405.6949198
330	0		877.4544908
331	0		861.4708082
332	0		634.3325972
333	0		2470.1725132
334	0		1728.7816791
335	0		1307.6720654
336	0		1121.5716326
337	0		3078.5912191
338	0		3206.6861746
339	0		2079.0424408
340	0		1950.9474854
341	0		1133.6444017
342	0		1005.5494463
343	0		891.5065247
344	0		977.5545322
345	0		864.4704742
346	0		1159.5971772
347	0		1942.0509426
348	0		945.5018303
349	0		800.4643287
350	0		2529.4901475
351	0		2108.1112410
352	0		2264.2123420
353	0		3258.6366512
354	0		2275.1694779
355	0		1563.8044650
356	1	NH3_Loss:1	1702.8790179
357	0		1719.9055659
358	0		962.4894928
359	1	Plus1Oxy:5	978.4844078
360	0		2900.3714606
361	0		1786.9828104
362	0		1352.7339372
363	0		2760.4180171
364	0		2561.2859515
365	0		1497.8765661
366	0		3135.7025494
367	0		2454.2964575
368	0		1620.8259258
369	0		1238.6294779
370	0		2422.2702448
371	0		2431.2952656
372	0		2613.2781753
373	0		1612.8208398
374	0		1591.7511060
375	0		1517.8122522
376	0		1318.6801867
377	0		2452.1240384
378	0		1240.6563586
379	0		1055.5399424
380	0		1013.5293791
381	0		2248.9905328
382	0		2107.0373549
383	0		845.5374319
384	0		808.3901195
385	0		1995.9577147
386	0		1867.8627593
387	0		1648.7765931
388	0		3609.6588201
389	0		2481.1579808
390	0		870.3905110
391	0		1111.5695245
392	0		923.5075843
393	0		1792.9358625
394	0		1664.7715072
395	0		2898.4663011
396	0		1965.0359039
397	0		1559.8459355
398	0		1177.5767185
399	0		1004.4966869
400	0		1266.7369150
401	0		2044.9700631
402	0		2201.0711641
403	0		1981.0341872
404	0		1753.8708231
405	0		1371.6856066
406	0		3157.6830644
407	1	Plus1Oxy:1	3173.6779794
408	0		3491.8986057
409	0		1279.7499205
410	0		755.4177148
411	0		1445.7798940
412	0		1235.7237078
413	0		1125.6222154
414	0		4748.4038738
415	0		2463.1838021
416	0		2303.2306351
417	0		2272.0615279
418	0		1625.7983305
419	0		847.4439275
420	0		1602.8153624
421	0		2588.2063224
422	0		1173.6352894
423	0		1894.9927057
424	0		1507.7809426
425	0		2303.1652617
426	0		1662.8034739
427	0		2682.3652002
428	0		2573.3084144
429	0		2146.0905058
430	0		4431.2245437
431	0		2275.1418251
432	0		1383.7357222
433	0		3709.8044442
434	0		1186.6556906
435	0		3153.5664109
436	0		1154.6294779
437	0		3293.7123298
438	0		1260.6502132
439	0		2051.0726799
440	0		1260.7189559
441	0		1421.7587673
442	0		1019.5109536
443	0		1596.7207984
444	0		2944.3965098
445	0		1365.6862747
446	0		962.5337395
447	0		1002.5232910
448	0		2184.0520131
449	0		3574.7620584
450	0		3203.6559929
451	0		3800.0106615
452	0		1332.6859407
453	0		1840.8842200
454	0		2823.4401459
455	0		1728.9521798
456	0		1882.9497952
457	0		1256.7128104
458	0		992.5541982
459	0		766.3860821
460	0		2900.4377038
461	0		2291.0778918
462	1	Plus1Oxy:1	2916.4326188
463	0		2769.3972244
464	0		3331.6054100
465	0		1123.6025397
466	0		1591.8092744
467	0		1388.7775268
468	0		1161.6141626
469	0		1524.8775682
470	0		1269.7080585
471	0		1368.7764672
472	0		1306.7720494
473	0		1193.6879913
474	0		1526.7939591
475	0		2820.3791329
476	1	Plus1Oxy:23	2836.3740479
477	0		1569.8150284
478	0		1413.7139274
479	0		2057.9363224
480	0		2154.1054870
481	0		2310.2065880
482	0		964.3926191
483	0		1221.5413934
484	0		1753.8158113
485	0		1625.7208559
486	0		1620.8358211
487	0		2052.0010277
488	0		1766.8573393
489	0		3409.6379699
490	0		2053.0479182
491	0		1837.9209387
492	0		1724.8368806
493	0		1374.6965040
494	0		2880.5343758
495	0		2368.2021701
496	0		788.4101867
497	0		1020.4983396
498	0		1107.5303637
499	0		1505.7581102
500	1	Plus1Oxy:5	1521.7530252
501	0		889.4578602
502	0		1255.7135360
503	0		2167.1060976
504	0		1909.9685547
505	0		3148.5311324
506	0		2992.6231858
507	0		3668.8717934
508	0		2110.1421482
509	1	Plus1Oxy:32	3684.8667084
510	0		2340.2582413
511	0		2184.1571404
512	0		2071.0730824
513	0		1073.5756590
514	0		960.4916009
515	0		889.4544908
516	0		1253.7342712
517	0		1152.6865978
518	0		2739.2121338
519	0		1972.8471784
520	0		2430.1008035
521	0		1699.8052479
522	0		1787.8835055
523	1	NH3_Loss:1	1000.5415254
524	0		889.4731180
525	0		742.4047093
526	1	Plus1Oxy:7	1033.5629884
527	0		2379.1779331
528	1	Plus1Oxy:1	2395.1728481
529	0		1300.7237653
530	0		2983.4773134
531	0		1191.6498791
532	0		1078.5658211
533	0		1809.8379976
534	0		1307.6873233
535	0		1094.5647616
536	0		867.4377820
537	0		978.5021643
538	0		995.4170577
539	0		1224.5596866
540	0		1380.6673135
541	0		1953.0570306
542	0		1381.7968685
543	0		2265.2439746
544	0		2109.1428737
545	0		2127.0152945
546	0		2180.0483672
547	0		960.5392169
548	0		861.4708082
549	0		1489.7631962
550	0		1385.7050916
551	0		1294.5175480
552	0		1132.6161384
553	0		1365.7291853
554	0		1449.7826702
555	0		2305.1081418
556	0		2002.0370208
557	0		2677.3822431
558	0		1946.9889559
559	0		1173.5818044
560	0		2980.4163005
561	0		2122.1091329
562	0		1638.8940005
563	1	NH3_Loss:1	998.5297118
564	0		2209.0703811
565	0		1808.8481120
566	0		1905.9008714
567	0		3702.8599798
568	0		2577.2570485
569	0		1915.0148920
570	0		2702.4390289
571	0		3132.5759722
572	0		2906.5686523
573	0		1604.8746013
574	0		1448.7735004
575	0		1221.6465208
576	0		1108.5624627
577	0		3147.4743466
578	0		798.4962954
579	0		1957.9777929
580	0		955.5450284
581	0		993.5680734
582	0		796.3391341
583	0		2452.3072974
584	0		2163.2010531
585	0		2291.2960085
586	0		1523.8306777
587	0		1619.7183673
588	0		2322.2469990
589	0		2863.5516094
590	0		3124.4937751
591	0		1268.7240419
592	0		951.5501143
593	0		3175.6188254
594	0		2182.0767748
595	0		2631.3655342
596	0		2237.1955756
597	0		1232.6434106
598	0		1390.6556906
599	0		1367.8023459
600	0		1199.6873233
601	0		2285.1360711
602	0		3437.8590535
603	0		1734.0766489
604	0		883.5126702
605	0		1351.8186633
606	0		2817.5526580
607	0		2381.2589559
608	0		1317.7040321
609	0		2224.2499768
610	0		2352.3449322
611	1	Plus1Oxy:21	2240.2448918
612	0		831.4523827
613	0		1232.7128104
614	0		1119.6287524
615	0		1036.5440263
616	0		820.4694146
617	0		3664.9674060
618	0		3508.8663050
619	0		808.4265041
620	0		1621.8099424
621	0		933.4807035
622	0		1522.7415337
623	0		921.4476883
624	0		1334.6751007
625	0		3339.6773962
626	0		981.5283195
627	0		2133.0377464
628	0		3458.8005401
629	0		1999.0049967
630	0		3209.5515336
631	0		2780.3655917
632	0		1371.6921326
633	0		1233.6096699
634	0		2720.4284655
635	0		1967.9740321
636	0		3516.7240102
637	0		1213.6131031
638	0		1962.9785074
639	0		2112.0196549
640	0		2301.1963586
641	0		2345.2048139
642	0		1108.5586271
643	0		1161.5964052
644	0		1598.8164219
645	0		1305.6564161
646	0		1799.8881890
647	0		1142.6698889
648	0		1731.0333933
649	0		1900.0668685
650	0		926.5548662
651	0		1054.5658211
652	0		919.4650542
653	0		2022.1512605
654	0		1488.7935676
655	0		3450.6764051
656	0		909.3980390
657	0		2106.0818607
658	0		774.3945374
659	0		1410.7328886
660	0		3700.9786374
661	0		1954.9212727
662	0		4544.1553921
663	0		1186.5869478
664	0		1762.9365305
665	0		1384.7561235
666	0		2107.1424822
667	0		943.5337970
668	0		1346.7227167
669	0		2049.0265149
670	0		4718.4705724
671	0		3516.8462378
672	0		2687.4546208
673	0		1695.9671036
674	0		1289.6502706
675	0		1104.6542396
676	0		976.5592841
677	0		1883.0264000
678	0		1075.6025397
679	0		2273.1989450
680	0		2187.1462321
681	0		1953.9219982
682	0		2312.0748564
683	0		4050.8831398
684	0		3385.7549857
685	0		1767.9729726
686	0		1304.6723994
687	0		2940.4616067
688	0		1024.4977464
689	0		1342.6768173
690	0		2912.3173186
691	0		2636.3195025
692	0		3405.8045091
693	0		3277.7095536
694	0		1409.6859981
695	0		2018.1047041
696	0		2445.2691278
697	0		3017.4881534
698	0		3464.6213004
699	0		3308.5201995
700	2	MinusH2O:1,Plus1Oxy:2	2228.1146097
701	0		2230.1302597
702	0		1929.0318774
703	0		851.4024569
704	0		3791.9839825
705	1	Plus1Oxy:34	3807.9788975
706	0		2270.2044689
707	0		1539.7900769
708	0		3500.7794244
709	0		2545.2811422
710	0		1347.7397486
711	0		1614.8616423
712	0		1860.9872283
713	0		2118.1247713
714	0		1034.5283770
715	0		1405.6295463
716	0		3242.4427139
717	0		990.5935606
718	0		3966.9559089
719	0		1726.8235411
720	1	Plus1Oxy:6	1742.8184561
721	1	MinusH2O:1	831.4490118
722	0		2057.0388059
723	0		1343.6832968
724	0		1961.0356273
725	0		2011.0526127
726	0		2543.1484770
727	0		1047.5963942
728	0		1204.5988473
729	0		1361.6284868
730	0		1593.7707817
731	0		3472.6450316
732	0		2142.1142189
733	0		1053.5892002
734	0		797.4282781
735	0		903.5177562
736	0		1678.9293255
737	0		1550.8343701
738	0		2885.2924995
739	0		947.4785954
740	0		1170.6495451
741	0		1387.6731250
742	0		887.5513646
743	0		2128.0475842
744	0		1562.8343701
745	0		1353.7503120
746	0		2215.1523775
747	0		1752.8463954
748	0		2205.3207702
749	0		1777.8919498
750	0		2101.9699308
751	0		1903.1141505
752	0		3031.6163258
753	0		1073.5868904
754	0		1976.0399987
755	0		1795.8409754
756	0		2345.2993669
757	0		3025.6962890
758	1	Plus1Oxy:12	2656.2412678
759	0		2640.2463528
760	1	Plus1Oxy:10	2656.2412678
761	0		1851.8898417
762	0		3276.6561372
763	0		3442.6713192
764	0		2742.3135578
765	0		2543.1940598
766	0		1032.5603437
767	0		606.3376831
768	0		904.4653882
769	0		2615.2483925
770	0		1904.8943919
771	0		3511.8673071
772	0		1785.8321287
773	0		2572.2882039
774	0		1545.7939016
775	0		2481.1480855
776	0		1444.7098436
777	0		3703.8713555
778	0		2632.2365615
779	0		4409.2992312
780	0		3853.0135819
781	0		1592.7932910
782	0		1720.8882465
783	0		2177.1778182
784	0		1571.8129203
785	0		1708.8718251
786	0		2049.0828628
787	0		1092.5637130
788	0		1881.0141200
789	0		1227.6280953
790	0		1668.8616533
791	0		1472.7470111
792	0		792.4017314
793	0		3005.4915227
794	0		1780.9756164
795	0		2858.3611099
796	0		979.5337970
797	0		1193.7131445
798	0		852.5432433
799	0		2728.1896245
800	0		2295.2572283
801	0		1452.8299522
802	0		3320.7098119
803	0		1826.8541826
804	0		2378.1521694
805	0		2548.2954089
806	0		1617.8289501
807	0		1281.6096699
808	0		1125.6505472
809	0		1572.8292951
810	0		1416.7281942
811	0		2252.2123420
812	0		1225.7281257
813	0		3612.7049386
814	0		2768.4019763
815	0		1676.9572658
816	0		3319.8138222
817	0		2307.2334112
818	0		1752.9270267
819	0		1653.8586179
820	0		1596.8371572
821	0		1521.7674124
822	0		2422.1208708
823	0		2139.0846943
824	0		1873.9460918
825	0		2208.2840516
826	0		2052.1829507
827	0		1634.8667282
828	0		2965.6309156
829	0		1583.8268420
830	0		1914.0825178
831	0		2059.0697130
832	0		2780.1735198
833	0		2121.0298843
834	0		916.4766196
835	0		1891.1756882
836	0		2495.3117727
837	0		3067.6704678
838	0		2287.0135779
839	0		1511.7983195
840	0		2007.0060562
841	0		1499.7295768
842	0		636.3271198
843	0		1782.0303690
844	0		1664.8772916
845	0		2624.3121068
846	0		1395.7357222
847	0		1094.6811203
848	0		1865.8980953
849	0		2680.1849190
850	0		1591.8027484
851	0		1688.8779706
852	0		2938.5551111
853	0		1488.8339786
854	0		2457.1851272
855	1	NH3_Loss:1	2440.1585792
856	0		1212.6825713
857	0		2207.0462126
858	0		2512.2742821
859	0		1817.8691065
860	0		1742.8330559
861	0		2010.1108495
862	0		2964.4517113
863	0		2900.4878194
864	0		2075.0421643
865	0		2675.3593888
866	0		2244.1025321
867	0		906.4666495
868	0		1448.8350381
869	0		1414.7707133
870	0		1844.9267501
871	0		1101.5674164
872	0		1920.9614181
873	0		1636.8347615
874	0		2848.4250323
875	0		1133.6080171
876	0		1981.0479182
877	0		1934.0399877
878	0		1012.6069001
879	0		1099.6389243
880	0		1490.7186903
881	0		1866.9515118
882	0		2353.2503108
883	0		1182.6066345
884	0		2177.2670087
885	0		3108.6453721
886	0		2020.0475842
887	1	Plus1Oxy:21	2402.2474023
888	0		2386.2524873
889	0		2464.3068310
890	0		1806.9548811
891	0		1253.6978866
892	0		1480.8612508
893	0		1489.7445690
894	0		1880.0981671
895	0		1369.7088415
896	0		2130.2087719
897	0		1456.7925081
898	0		3911.9727511
899	0		2757.3028621
900	0		3279.6558031
901	0		1191.6134946
902	0		2578.1359379
903	0		2959.3834175
904	0		1476.7645787
905	0		1028.5753249
906	0		1129.6229984
907	0		1372.7561235
908	0		1672.7990560
909	0		1459.6764943
910	0		2495.1127495
911	0		1885.0883292
912	0		1649.7797033
913	0		1801.0209226
914	0		851.3959309
915	0		1864.9165782
916	0		3066.6249134
917	0		1268.7087840
918	0		1737.0188035
919	0		1753.8885805
920	0		1989.1046466
921	0		1761.9664356
922	0		2204.0595986
923	0		2981.5034112
924	0		1377.7404167
925	0		1547.8095509
926	0		2392.2425811
927	0		1718.8878550
928	0		1526.8343701
929	0		2858.3981516
930	0		1384.7713813
931	0		2341.1775417
932	0		1617.8361551
933	0		3278.5366098
934	0		2045.0441684
935	0		1680.9885644
936	0		1552.8936090
937	0		1490.7649702
938	0		1442.7728323
939	0		2052.0131289
940	0		1876.9239740
941	0		2154.0955917
942	0		1041.5640470
943	0		1315.6917521
944	0		1855.8587329
945	0		1980.9978027
946	1	NH3_Loss:1	1963.9712547
947	0		2406.2252151
948	0		2278.1302597
949	0		1906.9159102
950	0		851.4177148
951	0		1379.7884242
952	0		2533.1852531
953	0		1381.8292267
954	0		904.4112462
955	0		2589.2920970
956	0		1374.6455187
957	0		1275.5771100
958	0		1561.8350956
959	0		1340.7662954
960	0		1632.8834371
961	0		1007.4923264
962	0		2117.0487012
963	0		3651.6832871
964	0		2048.0114762
965	0		1847.9012629
966	0		1191.5883414
967	0		2881.4293927
968	0		1232.6400413
969	0		805.4010059
970	0		2887.2580332
971	0		3281.5515336
972	0		3010.4234945
973	0		1533.7925655
974	0		1305.6676475
975	0		1139.5644385
976	0		1235.6873233
977	0		1292.5641155
978	0		736.3755187
979	0		1025.4752371
980	0		2342.1463005
981	0		707.3489720
982	0		1957.0420493
983	0		3487.7199263
984	0		1390.7244333
985	0		1120.5804109
986	0		1691.8113934
987	0		1514.7252163
988	0		1211.6298119
989	0		1644.7929105
990	0		4221.2366339
991	0		1385.6251175
992	0		1584.7571830
993	0		2659.3505530
994	0		2503.2494520
995	0		1227.7073905
996	0		3729.9211835
997	0		1862.8645443
998	0		1508.8462695
999	0		686.3962540
1000	0		2062.0693790
1001	0		1933.9744236
1002	0		1805.8794681
1003	0		3935.9296498
1004	0		3106.4816848
1005	0		3779.8285488
1006	0		2945.4227800
1007	0		3101.5238809
1008	0		1804.9682206
1009	0		1825.0672025
1010	0		1259.7084500
1011	0		1427.7408082
1012	0		1576.7997131
1013	0		1608.8146943
1014	0		1355.7295768
1015	0		1067.6702229
1016	0		1378.6880488
1017	0		4222.0692434
1018	0		3101.5279073
1019	0		2180.0782258
1020	0		1692.7630519
1021	0		3541.7357015
1022	0		3171.5392536
1023	0		1168.6563586
1024	0		2987.4187426
1025	0		1387.7128789
1026	0		1926.8920073
1027	0		2618.3491594
1028	0		1757.9311105
1029	0		878.4286122
1030	0		3026.4925138
1031	0		2508.3698947
1032	0		1298.6222948
1033	0		750.3911680
1034	0		991.5701815
1035	0		2264.1898791
1036	0		1435.6677624
1037	0		1859.0250639
1038	0		3298.8121521
1039	0		1457.7976515
1040	0		1672.8711461
1041	0		1075.6025397
1042	0		2380.2174279
1043	0		2127.0967955
1044	0		2045.0904483
1045	0		3014.5275623
1046	0		1779.9293830
1047	0		1252.6087426
1048	0		1807.9249760
1049	0		2396.2231070
1050	0		1953.0206460
1051	0		1675.9031703
1052	0		1437.8190548
1053	0		2167.1887621
1054	0		1975.9308449
1055	0		1460.7258844
1056	0		2406.2591001
1057	0		2651.3562321
1058	0		1154.5607352
1059	0		1562.7979855
1060	0		1777.9402229
1061	0		3441.6628064
1062	0		1114.6385903
1063	0		1681.7331468
1064	0		1446.8670048
1065	0		1196.6400413
1066	0		1465.8252002
1067	0		1352.7411422
1068	0		1056.5814704
1069	0		1341.7251589
1070	0		2327.2234301
1071	0		1653.8282930
1072	0		2419.2528214
1073	0		1855.9274756
1074	0		3089.4980487
1075	0		1691.8187892
1076	0		1388.7411422
1077	0		2213.1075486
1078	0		1380.6884402
1079	0		1438.7204069
1080	0		1441.7088415
1081	0		2685.4046201
1082	0		1926.8958430
1083	0		1312.7026386
1084	0		1700.8772916
1085	0		2409.2174854
1086	0		1443.7972600
1087	0		1888.0087001
1088	0		1368.7764672
1089	0		2480.2294423
1090	0		1971.0253405
1091	0		2242.1268903
1092	1	NH3_Loss:1	1896.9402900
1093	0		1913.9668380
1094	0		2195.1221384
1095	0		1937.9845955
1096	0		1495.8357636
1097	0		1875.9994618
1098	0		1086.6470455
1099	0		2305.0326604
1100	0		2844.3294837
1101	0		1056.4664478
1102	0		2541.1599740
1103	0		2066.9849295
1104	0		1763.8154198
1105	0		1805.8735992
1106	0		1658.8051905
1107	0		1093.5767185
1108	0		837.4231922
1109	0		1083.5559832
1110	0		1370.7081160
1111	0		1336.7237653
1112	0		1370.7445006
1113	0		2204.1397635
1114	0		1485.8150284
1115	0		2193.2077808
1116	0		2192.1258418
1117	0		1637.8623678
1118	0		1640.9136762
1119	0		955.5524241
1120	0		3018.5199768
1121	0		1594.7408766
1122	0		1119.5559832
1123	0		1048.5188731
1124	0		1302.7038998
1125	0		3402.6739055
1126	0		1863.9511887
1127	0		1256.6975526
1128	0		2296.0316693
1129	0		1424.8060493
1130	0		1245.6968271
1131	0		1458.8193888
1132	0		2831.4340004
1133	0		2131.1312508
1134	0		1403.7295768
1135	0		845.4105207
1136	0		2509.2600154
1137	0		2381.1650600
1138	0		1892.9665040
1139	0		1646.9242396
1140	0		1455.7833382
1141	0		2564.3597228
1142	0		984.5603437
1143	0		2722.3859464
1144	0		2186.0755245
1145	0		3735.8387207
1146	0		1838.8620447
1147	0		2364.1596400
1148	0		1182.5920338
1149	0		1373.7376405
1150	0		1708.9035043
1151	0		1855.8562333
1152	0		1613.7797033
1153	0		2002.0271255
1154	0		1758.8940005
1155	0		1372.8077659
1156	0		1654.8136458
1157	0		846.3217682
1158	0		1529.6898338
1159	0		3003.5551686
1160	0		2121.1832847
1161	0		1993.0883292
1162	0		3024.5977561
1163	0		2753.4346685
1164	0		1557.8401815
1165	0		1965.9754831
1166	0		4265.1126029
1167	0		1692.8358211
1168	0		1577.8663942
1169	0		1279.6659199
1170	0		2245.0762500
1171	0		928.5341310
1172	0		1269.6968271
1173	0		2155.0755820
1174	0		1954.9958843
1175	0		1721.9562637
1176	0		1522.8241982
1177	0		1335.6669795
1178	0		1762.8612618
1179	0		883.4075429
1180	0		2038.0230991
1181	0		844.4806461
1182	0		1626.8286270
1183	0		1454.7656273
1184	0		1326.6706719
1185	0		1786.9326948
1186	0		1658.8377394
1187	0		1395.7471444
1188	0		1823.0014376
1189	0		788.4101867
1190	0		1096.5817470
1191	0		2492.2433640
1192	0		1836.9328956
1193	1	NH3_Loss:1	1819.9063476
1194	0		992.5541982
1195	0		2497.3062953
1196	0		1476.7459516
1197	0		1735.8813864
1198	0		1928.9665040
1199	0		1277.6363489
1200	0		1502.7404742
1201	0		1147.6124350
1202	0		890.4748921
1203	0		2529.3589973
1204	0		935.5075843
1205	0		2382.1564724
1206	0		2671.3274330
1207	0		1508.7510375
1208	0		2350.2432491
1209	0		1448.6571416
1210	0		930.5538067
1211	0		2358.1814348
1212	0		2352.2146517
1213	0		1697.8735992
1214	0		2015.1050381
1215	0		2209.0836457
1216	0		1679.8704316
1217	0		1737.8532554
1218	0		2547.2604069
1219	0		1785.9048979
1220	0		4438.2094192
1221	0		2201.1915492
1222	0		1618.8718142
1223	0		2290.9938912
1224	0		2332.0930163
1225	0		976.5956687
1226	0		1171.5946776
1227	0		1391.7230508
1228	0		985.4980804
1229	0		1724.9559297
1230	0		1273.7029726
1231	0		2559.2736716
1232	0		2715.3747725
1233	0		3551.8067431
1234	0		2622.3903534
1235	0		1483.7782523
1236	0		1087.6124350
1237	0		1330.7455601
1238	0		1130.6294779
1239	0		1439.6931922
1240	0		1900.9893474
1241	0		1407.7244908
1242	0		1283.6331813
1243	0		931.4109122
1244	0		1544.8231496
1245	0		1428.7645787
1246	0		1655.9027898
1247	0		895.5490548
1248	0		1864.9457578
1249	0		2134.1309168
1250	0		1134.5954031
1251	0		1153.5807449
1252	0		1409.7706558
1253	0		1281.6757004
1254	0		1225.6494877
1255	0		1632.7571830
1256	0		2673.4223775
1257	0		2417.2688512
1258	0		1327.6519982
1259	0		1896.0468013
1260	0		1454.7346052
1261	0		1210.6597170
1262	0		2346.2218458
1263	0		2218.1268903
1264	0		2759.3957733
1265	0		2340.1789242
1266	0		2054.9696717
1267	0		1620.7962798
1268	0		2285.1863775
1269	0		2349.1864633
1270	0		1620.8735418
1271	0		2255.1373963
1272	0		1406.7880902
1273	0		963.5098941
1274	0		2517.4490575
1275	0		1514.6744436
1276	0		2620.4726264
1277	0		1636.9147357
1278	0		2285.2530870
1279	0		2782.3992111
1280	0		1911.9213301
1281	0		1251.6822373
1282	0		2273.0421752
1283	0		1885.9896814
1284	0		1642.8143028
1285	0		2195.0493693
1286	0		2481.2651014
1287	0		2911.5376877
1288	0		2959.4561867
1289	0		1104.5814704
1290	0		2654.1951019
1291	0		2582.3577005
1292	0		2426.2565996
1293	0		1188.6502132
1294	0		2617.2845115
1295	0		1598.7939591
1296	0		1354.7608179
1297	0		900.4704742
1298	0		2990.5938055
1299	0		1434.7466196
1300	0		1221.6240579
1301	0		2375.2809414
1302	0		991.4974124
1303	0		1525.7524311
1304	0		2726.3815176
1305	0		2713.3386535
1306	0		1801.0348443
1307	0		1302.7182879
1308	0		726.3336567
1309	0		2422.2855026
1310	0		2416.2273232
1311	0		1538.8092169
1312	0		2032.0992266
1313	0		1305.6928007
1314	0		1291.7023045
1315	0		2425.1802539
1316	0		853.5384914
1317	0		697.4373905
1318	0		1337.6019975
1319	0		4273.1946971
1320	1	Plus1Oxy:38	4289.1896121
1321	0		2918.4239837
1322	0		1668.8326644
1323	0		2035.0625080
1324	0		2614.3324615
1325	0		2128.1138274
1326	0		2166.1142189
1327	0		1753.9110433
1328	0		2271.1343436
1329	0		2240.1873795
1330	0		1629.8837711
1331	0		2492.2878234
1332	0		2249.1546983
1333	0		1463.8347041
1334	0		2105.0324706
1335	0		3151.6035675
1336	0		1466.7880902
1337	0		1274.6506047
1338	0		2126.1590587
1339	0		1613.8888571
1340	0		2572.2412669
1341	0		942.5497803
1342	0		3491.8563523
1343	0		2524.2709128
1344	0		1567.8721482
1345	0		1446.7136044
1346	0		1326.7394146
1347	0		1146.6284184
1348	0		1101.5382148
1349	0		1167.6498791
1350	0		1849.9090502
1351	0		2973.3813094
1352	0		1124.5977878
1353	0		2436.1484086
1354	0		1835.9991853
1355	0		1197.6716739
1356	0		2377.1371307
1357	0		1053.6797268
1358	0		1214.5641045
1359	0		3285.7607288
1360	0		2674.3852674
1361	0		863.4904839
1362	0		1599.8336446
1363	0		1123.6065661
1364	0		728.4432019
1365	0		1559.7367818
1366	0		1095.5269944
1367	0		1350.6965040
1368	0		778.4224667
1369	0		1033.5555917
1370	0		1246.6781534
1371	0		2197.0320033
1372	0		1360.7601499
1373	0		1488.7129363
1374	0		1821.8388674
1375	1	Plus1Oxy:4	1254.7117628
1376	0		1238.7168478
1377	0		928.5415267
1378	0		1139.6484391
1379	0		1285.6877147
1380	0		2080.1679694
1381	0		1045.5807449
1382	0		804.4017314
1383	0		1327.7710473
1384	1	MinusH2O:1	1309.7604823
1385	0		1199.6760918
1386	0		2237.2629823
1387	0		1987.9600245
1388	0		1300.7502546
1389	0		1951.9898831
1390	0		1542.7210001
1391	0		4544.2497544
1392	0		2616.3123833
1393	0		2425.1072721
1394	0		1102.6134371
1395	0		1924.9603585
1396	0		2165.1942395
1397	0		1693.9725811
1398	0		1829.9423420
1399	0		1682.8739332
1400	0		1718.8773026
1401	0		1229.6437446
1402	0		2031.1152100
1403	0		1196.6876573
1404	0		1425.6775429
1405	0		2612.2586219
1406	0		1161.6215584
1407	0		1557.8613083
1408	0		2359.1946310
1409	0		3453.5610484
1410	0		1367.7771928
1411	0		1210.5539326
1412	0		805.3758527
1413	0		3347.6204781
1414	0		2048.9505891
1415	0		1920.8556337
1416	0		1255.7135360
1417	0		1014.5345225
1418	0		1892.9631347
1419	0		943.5337970
1420	0		816.4592427
1421	0		1544.7932910
1422	0		2313.1521119
1423	0		2731.3914704
1424	0		1970.0584242
1425	0		2666.2763902
1426	0		2265.2044114
1427	0		2137.1094560
1428	0		1997.1957664
1429	0		1564.7303132
1430	0		2810.3583976
1431	0		1552.7918510
1432	0		3780.8013341
1433	0		1144.6240005
1434	0		3645.8160562
1435	0		3607.7325339
1436	0		1295.6985547
1437	0		1366.7356648
1438	0		1167.6035992
1439	0		4535.4710972
1440	0		4879.6406643
1441	0		753.3697073
1442	0		727.4228007
1443	0		1862.9624666
1444	0		1748.8368806
1445	0		2266.0251323
1446	0		1645.8463270
1447	0		2624.2658269
1448	0		2146.0403902
1449	0		1219.6447932
1450	0		2626.2484609
1451	0		4037.1624028
1452	0		1200.7229823
1453	0		959.5439688
1454	0		924.5756015
1455	0		1464.7207984
1456	0		1592.8157539
1457	0		1274.6506047
1458	0		2934.3856699
1459	0		2552.3121068
1460	0		2424.2171513
1461	0		2279.2789082
1462	0		2151.1839527
1463	0		1406.7768587
1464	0		2099.0435003
1465	0		1620.8333215
1466	0		2903.5465235
1467	0		1001.5579015
1468	0		2139.2336020
1469	0		1155.6862637
1470	0		1683.8426921
1471	0		1239.6393267
1472	0		3198.6204206
1473	0		2363.2380308
1474	0		1358.7557320
1475	0		3306.6341516
1476	0		2933.3540372
1477	0		1845.9947674
1478	0		1402.6979441
1479	0		854.4286122
1480	0		1650.8187317
1481	0		923.4500729
1482	0		1472.8060493
1483	0		1173.5851738
1484	0		3015.5414376
1485	0		1535.8670623
1486	0		1953.0206460
1487	0		1874.0049392
1488	0		2848.4032485
1489	0		2105.1519860
1490	0		1473.7925655
1491	0		2528.3718020
1492	0		1268.7168369
1493	0		3136.5100056
1494	0		1813.9970772
1495	0		1310.6717314
1496	0		1098.6396498
1497	0		1093.6018717
1498	0		2685.4007844
1499	0		3364.6755473
1500	0		1231.6593940
1501	0		1323.5975796
1502	0		1608.7412681
1503	0		1721.8253261
1504	0		2716.2907254
1505	0		1674.7769846
1506	0		1937.9554159
1507	0		2735.4638590
1508	0		1359.6815802
1509	0		3213.7337331
1510	0		2499.3848185
1511	0		1992.1043126
1512	0		1986.0937492
1513	0		2065.1393146
1514	0		1724.9282769
1515	0		958.4364104
1516	0		1015.4578711
1517	0		1458.8445420
1518	0		3287.5708288
1519	0		1222.5474066
1520	0		2814.4609386
1521	0		1402.7819447
1522	0		1245.6750433
1523	0		1114.6345638
1524	0		1452.7935676
1525	0		3292.7301556
1526	0		2599.2739481
1527	0		1285.7869732
1528	1	Plus1Oxy:12	3154.6231977
1529	0		3138.6282827
1530	0		1517.7837297
1531	0		2612.3233382
1532	0		1685.9021217
1533	1	Plus1Oxy:14	1701.8970367
1534	0		2351.1652617
1535	0		1424.6757688
1536	0		1963.9137446
1537	0		1294.6590599
1538	0		1851.9577147
1539	0		1688.8620338
1540	0		2044.0628421
1541	0		2954.5446626
1542	0		2824.3078038
1543	0		2234.2520849
1544	0		2129.1367282
1545	0		2092.0046736
1546	0		1864.0053307
1547	0		1001.5579015
1548	0		1579.8932749
1549	0		1816.0093571
1550	0		1487.7466771
1551	0		4059.0335733
1552	0		1289.6471140
1553	0		2795.5042700
1554	0		2538.3004839
1555	0		1512.7207984
1556	0		1694.9388403
1557	0		2295.0992951
1558	0		2026.0709059
1559	0		3477.7124557
1560	0		984.5756015
1561	0		1622.8779597
1562	0		872.4425449
1563	0		771.4126288
1564	0		1074.5821385
1565	0		1245.6352894
1566	0		1100.6593255
1567	0		1256.7604264
1568	0		1999.0836348
1569	0		1066.5083098
1570	0		3351.6252875
1571	0		2523.2532019
1572	0		1706.8263172
1573	0		2847.4693255
1574	0		1034.5032238
1575	0		2769.3947248
1576	0		2527.2568478
1577	1	Plus1Oxy:17	2785.3896398
1578	0		1772.8984184
1579	0		843.4126288
1580	0		1205.6039907
1581	0		3162.6058199
1582	0		3034.5108644
1583	0		1976.0101401
1584	0		2649.4634675
1585	0		2254.1592485
1586	0		2183.1836762
1587	0		1885.0672025
1588	0		2102.1105730
1589	0		1340.6935262
1590	0		3018.4292595
1591	0		1278.6430191
1592	0		1705.7836658
1593	0		1976.0114762
1594	0		3397.7689075
1595	0		2413.2752732
1596	0		1132.5876159
1597	0		1176.6753663
1598	0		3594.8437492
1599	0		1073.5716326
1600	0		3023.5636238
1601	0		1686.8180746
1602	0		1383.8197228
1603	0		1372.7197389
1604	0		1638.8688473
1605	0		2283.2374377
1606	0		1921.0056648
1607	0		2103.0682730
1608	0		2469.2233543
1609	0		2677.2263431
1610	0		1566.8115267
1611	0		1330.7343287
1612	0		1565.7724983
1613	0		3154.4888899
1614	0		2255.2088293
1615	0		1366.7132019
1616	0		2777.3117837
1617	0		2372.3354174
1618	0		2747.2673353
1619	0		818.4173807
1620	0		1549.8503534
1621	0		998.5759930
1622	0		829.3870842
1623	0		3481.7781057
1624	0		2429.2225713
1625	0		1327.7499205
1626	0		2173.9625351
1627	0		2131.1134934
1628	0		2109.1581315
1629	0		1914.0032226
1630	0		1506.8041310
1631	0		1663.8416325
1632	0		3015.6027846
1633	0		3786.9843914
1634	0		2090.0676624
1635	0		863.4210841
1636	0		1354.7603516
1637	0		2461.2442912
1638	0		1631.8075577
1639	0		1203.7226483
1640	0		2325.1640004
1641	0		2210.0490352
1642	0		2061.1767587
1643	0		1242.7182879
1644	0		2636.3626258
1645	0		2508.2676703
1646	0		2676.4736859
1647	0		1654.8864149
1648	0		2429.3052358
1649	0		2289.1752319
1650	0		2188.1235320
1651	0		3025.6558780
1652	0		2024.1152674
1653	0		1222.7033066
1654	0		3299.6680941
1655	0		2400.2317521
1656	0		3674.8023826
1657	0		2971.4887356
1658	0		1387.7306363
1659	0		2360.1357371
1660	0		2430.3191110
1661	0		1901.9845955
1662	0		1393.8656112
1663	0		1966.0985586
1664	0		1958.0471927
1665	0		1035.5501143
1666	0		1666.8314032
1667	0		1767.8790766
1668	0		2591.3337692
1669	1	Plus1Oxy:15	2607.3286842
1670	0		3273.5722799
1671	0		1079.5433118
1672	0		1441.7849800
1673	0		2504.2644908
1674	0		793.3969795
1675	0		1629.8936664
1676	0		922.4581942
1677	0		849.4595768
1678	0		3031.5646834
1679	0		1425.8190548
1680	0		3320.6206214
1681	0		1586.7762017
1682	0		2229.9959528
1683	0		1415.8023459
1684	0		2281.3772220
1685	0		3543.7652725
1686	0		881.5697901
1687	0		1011.6076256
1688	0		853.5636446
1689	0		1218.6648030
1690	0		1333.6877147
1691	0		930.4657797
1692	0		830.4748921
1693	0		1059.5024983
1694	0		784.3391341
1695	0		598.2750859
1696	0		2241.0853624
1697	0		2369.1803178
1698	0		2041.9896814
1699	0		3049.4622173
1700	0		2838.3921959
1701	0		1983.9570576
1702	0		1781.9886219
1703	0		2223.0770449
1704	0		3465.6165666
1705	0		2510.2361700
1706	0		2239.1411461
1707	0		1503.7754761
1708	0		1398.6886420
1709	0		822.4309220
1710	0		1578.8438849
1711	0		1674.8034739
1712	0		1460.7656383
1713	0		1130.5647616
1714	0		1713.7997705
1715	0		1730.9049553
1716	0		1555.8609168
1717	0		1609.7583000
1718	0		2086.0594837
1719	0		1602.8041310
1720	0		915.5388829
1721	0		1402.7707133
1722	0		2561.3045787
1723	0		2427.3259711
1724	0		2083.1312508
1725	0		2665.4437808
1726	0		4309.2955853
1727	0		2424.2283828
1728	0		2743.4615492
1729	0		2565.2314290
1730	0		1885.9532968
1731	0		2335.3084902
1732	0		2021.0176791
1733	0		849.4595768
1734	0		1793.7929680
1735	0		2202.1604988
1736	0		1863.9689461
1737	0		2260.1196963
1738	0		1725.8069755
1739	0		1876.9417314
1740	0		1924.0417153
1741	0		1672.9255008
1742	0		2469.3412399
1743	0		4684.4208483
1744	0		3591.8717360
1745	0		720.3806047
1746	0		2836.4030358
1747	0		2378.1211473
1748	0		3845.9395341
1749	0		3420.7307488
1750	0		2580.3294837
1751	0		2452.2345282
1752	0		2139.0694365
1753	0		1960.0264575
1754	0		2734.4540102
1755	0		792.4381160
1756	0		1092.5814704
1757	0		1581.8361551
1758	0		1841.9919912
1759	0		3326.7971708
1760	0		1881.0206460
1761	0		2017.9454347
1762	0		1811.0299601
1763	0		2270.2309581
1764	0		1426.8143028
1765	0		2103.1323103
1766	0		1818.9474854
1767	0		2127.0635676
1768	0		2455.2018360
1769	0		1100.6189145
1770	0		3313.7516164
1771	0		2623.2119440
1772	0		1856.9743661
1773	0		1585.8463270
1774	0		1385.7302448
1775	0		1217.6403753
1776	0		1143.6287524
1777	0		907.4949128
1778	0		1534.7514290
1779	0		2201.1591911
1780	0		1353.6676475
1781	0		3056.5354354
1782	0		3015.6140160
1783	0		3395.7249483
1784	0		2908.4785172
1785	0		3078.4463598
1786	0		1624.8459930
1787	0		1906.9392428
1788	0		1434.8193888
1789	0		1264.7138700
1790	0		1303.6883828
1791	0		955.4796550
1792	0		4908.2732128
1793	0		2162.0490352
1794	0		2272.1520545
1795	1	Plus1Oxy:17	2288.1469695
1796	0		2030.9730410
1797	0		1173.6426851
1798	0		1072.5950116
1799	0		1024.4712571
1800	0		1152.5662126
1801	0		801.4384500
1802	0		1862.9624666
1803	0		1433.7765247
1804	0		1362.7394146
1805	0		1497.7350542
1806	0		1752.9045638
1807	0		1323.7186219
1808	0		1068.5491122
1809	0		1228.6597280
1810	0		1843.0090231
1811	0		1321.7281257
1812	0		1667.8405730
1813	0		1332.6673135
1814	0		1712.9348029
1815	0		1822.8835520
1816	0		4469.3149955
1817	0		2282.2058050
1818	0		1343.7084500
1819	0		904.4653882
1820	0		1089.5818044
1821	0		1301.5961286
1822	0		1200.5484552
1823	0		1166.7022471
1824	0		1703.8405730
1825	0		2029.0941982
1826	0		1234.6193060
1827	0		1526.8051905
1828	0		2325.0946006
1829	0		2263.1629519
1830	0		805.4697487
1831	0		1965.0392732
1832	0		2765.4386949
1833	0		1742.9678292
1834	0		1918.9781269
1835	0		3995.2457353
1836	0		1591.9548127
1837	0		1893.0359039
1838	0		2140.2254807
1839	0		2431.1290669
1840	0		1271.5821959
1841	0		1668.8205632
1842	0		2122.9231152
1843	0		2043.9496619
1844	0		3699.9351162
1845	0		1329.7655699
1846	0		1072.6280269
1847	0		2654.2797596
1848	0		2242.1592485
1849	0		2383.1119665
1850	0		1299.6247260
1851	0		934.4912094
1852	0		1300.6774854
1853	0		1084.6028737
1854	0		959.4923264
1855	0		1546.7296452
1856	1	Plus1Oxy:3	1562.7245602
1857	0		1928.9876308
1858	0		1976.9591083
1859	0		1863.0352358
1860	0		2739.2550444
1861	0		1802.9161867
1862	0		1361.7376405
1863	0		1939.9923827
1864	0		2420.2078492
1865	0		1711.9144017
1866	0		2342.1535055
1867	0		2476.2273232
1868	0		4126.1083183
1869	0		3578.8618871
1870	0		3958.0620383
1871	0		2031.1224150
1872	0		1007.5650956
1873	0		2201.1803178
1874	0		1273.6335727
1875	0		797.3959200
1876	0		2162.9907984
1877	0		2468.2691962
1878	0		2054.0829202
1879	0		860.4425449
1880	0		1606.7891497
1881	0		1583.8340470
1882	0		2723.3090824
1883	1	Plus1Oxy:31	3857.9547929
1884	0		3841.9598779
1885	0		1120.5876159
1886	0		3040.4850432
1887	0		1045.6018717
1888	0		3403.7767805
1889	0		2830.4751369
1890	0		1525.7268116
1891	0		1752.8650226
1892	0		2355.3156094
1893	0		2483.4105648
1894	0		1179.7226483
1895	0		1953.9795095
1896	0		1820.9671611
1897	0		1389.8383390
1898	0		1133.6484281
1899	0		1963.0963930
1900	0		2659.3426909
1901	0		1481.7626030
1902	0		2213.1144780
1903	0		2369.2155790
1904	0		1686.8796124
1905	0		1559.8704316
1906	0		2207.1043810
1907	0		2573.3012094
1908	0		4524.2911610
1909	0		2923.4714445
1910	0		2489.3012094
1911	0		2488.3205621
1912	0		2212.1810433
1913	0		3072.5514762
1914	0		2739.3714031
1915	0		4301.0804574
1916	0		2531.1783356
1917	0		1679.8742673
1918	0		2830.4499838
1919	0		1437.8078233
1920	0		1823.9991853
1921	0		1586.8415751
1922	0		2970.5747978
1923	1	Plus1Oxy:2	2986.5697128
1924	0		2265.2116164
1925	0		2305.1847467
1926	0		2063.0468697
1927	0		2776.2682626
1928	0		3207.7993082
1929	0		1840.0068576
1930	0		2858.4799463
1931	0		3568.8762004
1932	0		1317.6240579
1933	0		1895.0362953
1934	0		1375.6764943
1935	0		1156.6451272
1936	0		2469.2242240
1937	0		1463.7151887
1938	0		2483.3997998
1939	0		1024.5341310
1940	0		2810.4601557
1941	0		1501.7809536
1942	0		582.3740677
1943	0		582.3740677
1944	0		3247.6103062
1945	0		1347.7033641
1946	0		1422.7904000
1947	0		1080.6290864
1948	0		2261.1439332
1949	0		1920.9944333
1950	0		1264.6550225
1951	0		1622.7708391
1952	0		944.5364408
1953	0		1410.7830042
1954	0		1183.6196400
1955	0		1013.5141212
1956	0		746.3962540
1957	0		803.4177148
1958	0		1183.7175624
1959	0		692.3493060
1960	0		1442.7616009
1961	0		1534.8969673
1962	0		3619.7026753
1963	0		2157.0159625
1964	0		1881.9947674
1965	0		908.6058406
1966	0		2619.3980831
1967	0		1106.5971197
1968	0		2549.3232059
1969	0		1142.6546311
1970	0		1074.5709070
1971	0		961.4868490
1972	0		2870.5037452
1973	0		916.5130042
1974	0		2876.3471772
1975	0		1882.9423994
1976	0		1015.5913083
1977	0		1015.5549237
1978	0		2872.5519435
1979	0		2369.3027362
1980	0		2342.1761591
1981	0		1553.8201143
1982	0		1086.6007656
1983	0		1965.1046466
1984	0		1847.9740321
1985	0		1304.7087840
1986	0		1008.6331128
1987	0		782.4649967
1988	0		2583.2460188
1989	0		2013.1179113
1990	0		2354.2878124
1991	0		1020.5392169
1992	0		3089.5780229
1993	0		1949.0104741
1994	0		1143.6498791
1995	0		1857.9406254
1996	1	Plus1Oxy:3	1873.9355404
1997	0		1701.8395244
1998	0		1657.8609277
1999	0		1414.6438021
2000	0		1124.5614032
2001	0		1011.4773452
2002	0		4465.2075583
2003	0		2338.2015020
2004	0		1838.9148506
2005	0		2230.0839798
2006	0		2166.2047455
2007	0		3368.6060206
2008	0		3568.8815629
2009	0		2099.1333698
2010	0		1719.9558722
2011	0		2758.3774053
2012	0		1730.8984293
2013	0		925.4908754
2014	0		1722.8205742
2015	0		2412.1113669
2016	0		4047.3610346
2017	0		1290.6931347
2018	0		1075.5661551
2019	0		2813.4155750
2020	0		2556.2780320
2021	0		2321.1538285
2022	0		1567.7841212
2023	0		1176.6423511
2024	0		2127.0595412
2025	0		929.4970209
2026	0		2174.1846782
2027	0		2963.5424971
2028	0		921.5170881
2029	0		1447.6955878
2030	0		4059.0786897
2031	0		3862.9793054
2032	0		1488.7248248
2033	0		1622.7575745
2034	0		2123.9758746
2035	0		1341.7080585
2036	0		2302.1691438
2037	0		1632.8722057
2038	0		2115.0483097
2039	0		2247.1857952
2040	0		1043.5862223
2041	0		1878.9322275
2042	0		1362.7142615
2043	0		1762.9940418
2044	0		1485.8037969
2045	0		2088.1009652
2046	0		1237.6131031
2047	0		838.4410938
2048	0		3192.6752307
2049	0		3064.5802752
2050	1	Plus1Oxy:14	3080.5751902
2051	0		2431.2204632
2052	0		762.4639372
2053	0		2345.2200717
2054	0		2100.0261809
2055	0		1769.8722631
2056	0		1761.8606512
2057	0		1000.6320533
2058	0		725.4686891
2059	0		872.5370979
2060	0		830.5265345
2061	0		834.4122948
2062	0		1994.0505621
2063	0		1073.6120435
2064	0		1413.8078233
2065	0		1793.0046052
2066	0		2555.3317360
2067	0		1014.5709070
2068	0		1852.0279843
2069	0		2241.2003850
2070	0		2301.2012548
2071	0		2684.4127413
2072	0		3153.6849937
2073	1	Plus1Oxy:28	3169.6799087
2074	0		1590.8551163
2075	0		3535.7714180
2076	0		2225.1214704
2077	0		3826.0150794
2078	0		3714.8886930
2079	0		1954.8729996
2080	0		1088.5647725
2081	0		3261.4844436
2082	0		1722.8827690
2083	0		2353.2025041
2084	0		1989.9981367
2085	0		2900.4417302
2086	0		3165.6245794
2087	0		2129.1196279
2088	1	MinusH2O:1	3161.6157419
2089	0		2488.3423459
2090	0		1207.6447932
2091	0		2171.2465500
2092	0		1451.8962418
2093	0		2822.5792047
2094	0		2239.1735043
2095	0		1076.5137872
2096	0		2224.1196963
2097	0		1749.8936664
2098	0		1404.6884402
2099	0		1883.9951588
2100	0		3047.5636238
2101	1	Plus1Oxy:27	3063.5585388
2102	0		1233.6352894
2103	0		1048.6167955
2104	0		1494.6738505
2105	0		2753.2965259
2106	0		1276.6332387
2107	0		1381.8543798
2108	0		1138.7324862
2109	0		1984.9628581
2110	0		1528.8347615
2111	0		1805.9457113
2112	0		1649.8446104
2113	0		1997.0118102
2114	0		1308.6747092
2115	0		2364.0902402
2116	0		2497.1656532
2117	0		1307.7270772
2118	0		2559.4059452
2119	0		2852.5297572
2120	0		2456.2732226
2121	0		2328.1782672
2122	0		1029.6222154
2123	0		2020.0125357
2124	0		2424.2436406
2125	0		2275.2575049
2126	0		1664.7616119
2127	0		1427.6978976
2128	0		1485.7972709
2129	0		1213.7029726
2130	0		2378.1099159
2131	0		2449.3579377
2132	0		1288.6411008
2133	0		2064.0964505
2134	0		2378.1977522
2135	0		2222.0966512
2136	0		2254.1745064
2137	0		1905.9141361
2138	0		2467.2494520
2139	0		1496.8350381
2140	0		1340.7451686
2141	1	NH3_Loss:1	2158.0372322
2142	0		2175.0637802
2143	1	Plus1Oxy:2	2191.0586952
2144	0		1197.7080585
2145	0		2822.3557073
2146	1	NH3_Loss:1	2805.3291593
2147	0		2156.0894572
2148	0		2256.1537711
2149	0		2758.4427788
2150	0		999.5786368
2151	0		2154.2597572
2152	0		3973.1773841
2153	0		3158.5965177
2154	0		2098.0226328
2155	0		1407.7033641
2156	0		1045.5555917
2157	0		1232.6764259
2158	0		1346.6903586
2159	0		2761.3597802
2160	0		1610.9177136
2161	0		2145.0523471
2162	0		1135.5695245
2163	0		2017.0115337
2164	0		2851.4424557
2165	0		2122.1495439
2166	0		1975.0261235
2167	0		2129.1731128
2168	0		1751.0126690
2169	1	Plus1Oxy:15	1767.0075840
2170	0		1481.8275100
2171	0		1822.9060148
2172	0		1494.7387575
2173	0		1540.8533887
2174	0		1485.7860395
2175	0		1889.0079746
2176	0		1152.5596866
2177	0		1928.9227237
2178	0		1399.7095095
2179	0		1105.5767185
2180	0		1627.8292376
2181	0		1284.6423511
2182	0		1569.7860395
2183	0		1674.8286270
2184	0		986.5647616
2185	0		873.4807035
2186	0		1651.8126437
2187	0		2601.3933887
2188	0		1112.5977878
2189	0		2196.1789242
2190	0		2352.2800252
2191	0		2843.3796677
2192	0		2687.2785668
2193	0		2136.0023638
2194	0		2782.4362528
2195	0		1476.6877832
2196	0		3559.9400763
2197	0		3275.7552513
2198	0		2176.1751744
2199	0		3443.8914007
2200	0		2363.1513399
2201	0		3441.8142137
2202	0		1371.6968381
2203	0		3096.6051518
2204	1	Plus1Oxy:3	3112.6000668
2205	0		2766.4339430
2206	0		2232.0560395
2207	0		1625.8888571
2208	0		1857.9835359
2209	0		3725.9110116
2210	0		1644.9085902
2211	0		1219.6560246
2212	0		968.6018142
2213	0		1287.6669795
2214	0		1506.7751421
2215	0		2881.4860343
2216	0		1935.9359309
2217	0		3237.4633168
2218	0		1358.6200890
2219	0		1373.7401401
2220	0		2509.3282918
2221	0		1701.9664356
2222	0		2635.3539223
2223	0		3344.6886851
2224	0		2480.2633273
2225	0		1175.5974538
2226	0		1436.7510375
2227	0		1315.7169053
2228	0		1991.0760493
2229	0		2729.4056796
2230	0		1678.9365305
2231	0		1474.7303023
2232	0		996.5603437
2233	0		2068.9999217
2234	0		1099.6025397
2235	0		1724.8766345
2236	0		1843.9362075
2237	0		2417.3025455
2238	0		1897.1610984
2239	0		1471.8609168
2240	0		1938.0421068
2241	0		2005.0705718
2242	0		1884.0104167
2243	0		2399.2980417
2244	0		3727.0459291
2245	0		3613.9679307
2246	1	Plus1Oxy:4	3629.9628457
2247	0		1477.7234422
2248	0		1224.7077245
2249	0		2569.2126121
2250	0		2766.4988500
2251	0		1334.6023316
2252	0		2920.5003010
2253	0		1391.7594353
2254	0		1772.8555078
2255	0		1238.5600781
2256	0		1484.8020229
2257	0		2969.5279073
2258	0		1927.2273306
2259	0		2051.0183472
2260	0		3264.6445243
2261	0		2892.6282717
2262	0		2301.1269588
2263	0		2250.2357675
2264	0		3440.5804011
2265	0		2116.0224311
2266	0		1101.5454199
2267	0		1204.6338958
2268	0		1498.7990450
2269	0		1704.8279590
2270	0		3180.5912301
2271	0		3024.4901292
2272	0		1031.6014802
2273	0		1971.9909426
2274	0		1052.6341724
2275	0		843.4887673
2276	0		2582.4392196
2277	0		2045.0172128
2278	0		1544.7258844
2279	0		1159.6560246
2280	0		2481.3266391
2281	0		2282.1694204
2282	0		1948.0165621
2283	0		3572.7760550
2284	0		1921.0672025
2285	0		1100.4452571
2286	0		1086.4803805
2287	0		2801.3870525
2288	0		2345.2225713
2289	0		1603.8568904
2290	0		1834.9675526
2291	0		1131.6287524
2292	0		2295.2143177
2293	0		1035.5422522
2294	0		1837.1035871
2295	0		2572.3681781
2296	0		3824.9557940
2297	0		2478.1854612
2298	0		1210.6556906
2299	0		3580.7969052
2300	0		2643.3464407
2301	0		1723.9831444
2302	0		2385.2262172
2303	0		1929.9968006
2304	0		2263.2170939
2305	0		1554.8227581
2306	0		3823.1245672
2307	0		3292.5787484
2308	0		1383.7972600
2309	0		1660.8015556
2310	0		2884.4452893
2311	0		2669.3043880
2312	1	MinusH2O:1	2592.3393774
2313	0		4116.9609191
2314	0		1554.8504109
2315	0		1659.8289611
2316	0		3995.8966345
2317	0		1798.9068846
2318	0		1150.6233324
2319	0		2462.1245167
2320	0		2443.3031277
2321	0		1527.7932336
2322	0		3317.5331191
2323	0		2392.0891806
2324	0		2058.9349398
2325	0		1434.7506460
2326	0		1340.7485379
2327	0		2099.0533957
2328	0		1602.8001045
2329	0		1273.6600620
2330	0		2219.1836762
2331	0		1035.5348565
2332	0		2564.4536187
2333	0		1832.9366454
2334	0		1740.9620752
2335	0		2523.3219446
2336	0		1000.5552577
2337	0		1662.7823471
2338	0		1039.5661551
2339	0		1200.6713399
2340	0		2908.4717786
2341	0		3821.9029588
2342	0		2319.2433066
2343	0		1531.8609168
2344	0		1837.0308179
2345	0		1298.6658625
2346	0		853.5095026
2347	0		952.5779113
2348	0		3843.9106201
2349	0		1770.9007391
2350	0		2897.4234370
2351	0		2425.2699107
2352	0		1188.6713399
2353	0		3342.7267114
2354	0		1960.0013043
2355	0		1994.0763723
2356	0		2182.0581476
2357	0		1945.0043287
2358	0		2487.3008179
2359	0		3520.8716675
2360	0		4295.2224247
2361	0		2080.0444276
2362	0		2133.1502694
2363	0		2314.1414911
2364	0		3250.5425655
2365	0		3629.6593732
2366	0		1397.8030140
2367	0		1573.7769272
2368	0		2477.1670932
2369	0		1119.6287524
2370	0		1448.7081269
2371	0		1394.6618361
2372	0		1697.8663942
2373	0		1245.6968271
2374	0		1458.8193888
2375	0		1260.6019401
2376	1	MinusH2O:1	2548.2300338
2377	0		1693.7365162
2378	0		1249.6553566
2379	0		1705.8773491
2380	0		2397.2361125
2381	0		2621.3018884
2382	0		1828.9933738
2383	0		1565.7870990
2384	0		1593.8323194
2385	0		1796.8402499
2386	0		2672.3947713
2387	0		2059.1060976
2388	0		2759.4505944
2389	0		2057.9978601
2390	0		1523.7255503
2391	0		2275.1261009
2392	1	Plus1Oxy:20	2291.1210159
2393	0		3258.5865356
2394	0		1358.7081160
2395	0		4282.0315227
2396	0		2474.3491594
2397	0		2318.2480585
2398	0		1179.6069686
2399	0		1868.0631186
2400	0		1573.8350956
2401	0		795.3438861
2402	0		2749.3081378
2403	0		1504.7093772
2404	0		1381.8002378
2405	0		2551.3280901
2406	0		1439.7408082
2407	0		1975.0195975
2408	0		2383.1694779
2409	0		2151.1574635
2410	0		1995.0563626
2411	0		1191.6974951
2412	0		3129.6596278
2413	0		3649.6876191
2414	0		1603.9595181
2415	0		1475.8645627
2416	0		1339.7023045
2417	0		1413.6775429
2418	0		2437.1906156
2419	0		2593.2917165
2420	0		2734.4328834
2421	0		1018.5698475
2422	0		2236.1196963
2423	0		2521.2964000
2424	0		2025.0053882
2425	0		2529.2572393
2426	0		2363.1401085
2427	0		1896.9328956
2428	0		1853.9205581
2429	0		1207.6560246
2430	0		3511.7035450
2431	0		2981.5141763
2432	0		1388.7121534
2433	0		1887.0287098
2434	0		1090.5844483
2435	0		1663.8602597
2436	0		1321.6877147
2437	0		1582.8241982
2438	0		2283.1857952
2439	0		3225.7139825
2440	0		2309.0711641
2441	0		2148.9198837
2442	0		1675.8416325
2443	0		2024.9624776
2444	0		3679.8289294
2445	0		1180.5797538
2446	0		1635.8594767
2447	0		1210.6920752
2448	0		967.5589501
2449	0		1271.7124764
2450	0		2385.3630237
2451	0		1780.9542989
2452	0		2325.2116164
2453	0		3425.8174571
2454	0		1117.6382562
2455	0		2223.0654101
2456	0		1089.5341884
2457	0		1348.6696233
2458	0		3600.9336077
2459	0		1404.7248248
2460	0		1905.0579004
2461	0		2552.3531968
2462	0		2309.2313031
2463	0		1526.8303436
2464	0		1294.7720494
2465	0		2413.2343959
2466	0		1141.6706144
2467	0		918.4698061
2468	0		1635.8368232
2469	0		1546.7878136
2470	0		2434.1289455
2471	0		1424.7047576
2472	0		1318.6920752
2473	0		1718.8362126
2474	0		4275.2550594
2475	0		2764.4322154
2476	0		1679.7824046
2477	0		3576.7675997
2478	0		1921.0770978
2479	0		2810.4794399
2480	0		2327.2200608
2481	0		1516.7377090
2482	0		2472.3487679
2483	0		995.5763270
2484	0		1283.6356808
2485	0		1705.9249651
2486	0		1904.9763993
2487	0		1780.9544896
2488	0		1544.7867650
2489	0		1058.5793623
2490	0		2765.3805265
2491	0		1868.0518872
2492	0		2227.0942091
2493	0		1756.9246310
2494	0		1162.6597170
2495	0		2719.4219860
2496	0		1248.6205672
2497	0		2767.4723143
2498	0		1765.9613497
2499	0		2085.9966099
2500	0		2919.4608063
2501	0		1561.7987110
2502	0		3314.7086374
2503	0		2355.3160757
2504	0		1614.7637200
2505	0		3866.9324724
2506	0		1874.9777245
2507	0		1769.8327219
2508	0		1783.9501292
2509	0		1912.0127265
2510	0		1418.6897015
2511	0		2967.4774002
2512	0		1706.8487801
2513	0		1584.8358211
2514	0		2657.3232059
2515	1	Plus1Oxy:7	2673.3181209
2516	0		1067.5974538
2517	0		1467.8561074
2518	0		833.4758941
2519	0		2071.1159929
2520	0		1829.9369795
2521	0		872.5119447
2522	0		801.4748346
2523	0		2721.4634675
2524	0		1760.9606351
2525	0		1119.6035992
2526	0		1530.7248358
2527	0		3444.6981999
2528	0		1903.9494721
2529	0		1137.6393158
2530	0		1055.5974538
2531	0		1347.7186219
2532	0		2706.3652002
2533	0		2070.1095134
2534	0		1262.7597584
2535	0		1564.7633285
2536	0		2031.0900568
2537	0		1339.7822787
2538	0		921.4807035
2539	0		1077.5818044
2540	0		1797.9947674
2541	0		1298.7193474
2542	0		1556.8157539
2543	0		902.5225081
2544	0		774.4275526
2545	0		1013.5868904
2546	0		1482.7466196
2547	0		1196.6876573
2548	0		1746.8358320
2549	0		1376.6427535
2550	0		2920.5319802
2551	0		1407.7033641
2552	0		1317.7325546
2553	0		702.3734106
2554	0		2678.4165661
2555	0		1794.9548811
2556	0		1135.6640774
2557	0		1322.7081160
2558	0		1056.5814704
2559	0		1160.6804523
2560	0		2464.2558457
2561	0		2309.2629823
2562	0		2551.2375635
2563	0		1706.7787012
2564	0		1796.8588771
2565	0		1166.6698889
2566	0		675.4319131
2567	0		2024.0101401
2568	0		1424.8060493
2569	0		1017.5494463
2570	0		1230.6720080
2571	0		907.5490548
2572	0		1526.8554968
2573	0		1725.9875623
2574	0		1404.7798366
2575	0		1218.6794037
2576	0		991.5337970
2577	0		1465.7387001
2578	0		3738.8469059
2579	0		1792.9358625
2580	0		4117.0576779
2581	0		2536.2556550
2582	0		2482.3277561
2583	0		2576.2651698
2584	0		2290.1916067
2585	0		2924.3458411
2586	0		1407.6550910
2587	0		996.5854968
2588	0		1291.6957785
2589	0		1163.6008231
2590	0		2487.3444075
2591	0		2359.2494520
2592	0		2053.1683034
2593	0		2549.2971830
2594	0		1794.8569588
2595	0		983.6014802
2596	0		1017.5276624
2597	0		2890.3158676
2598	0		3984.0718188
2599	0		2018.0543977
2600	0		1469.8201143
2601	0		1761.8453933
2602	0		1000.5228996
2603	0		886.4660563
2604	0		2186.1105730
2605	0		2456.3347604
2606	0		1863.9577147
2607	0		1493.7361137
2608	0		1665.9776670
2609	0		2257.1436567
2610	0		1741.9361965
2611	0		2274.2106144
2612	0		3288.6673686
2613	0		938.5912508
2614	0		1756.9107093
2615	0		1173.6757004
2616	0		1639.8932749
2617	1	Plus1Oxy:1	2500.3093316
2618	0		2484.3144166
2619	0		2787.2635855
2620	0		955.5239016
2621	0		2145.0199889
2622	0		1010.4820971
2623	0		2640.2463528
2624	1	NH3_Loss:1	1307.6873220
2625	0		2632.2841775
2626	1	Plus1Oxy:6	2648.2790925
2627	0		833.4395096
2628	0		2087.1261648
2629	0		2139.0635676
2630	0		1423.6587369
2631	0		2421.2473439
2632	0		1821.9121029
2633	0		1583.9358050
2634	0		1427.8347041
2635	0		1686.9013962
2636	0		4288.9712636
2637	0		1583.8266513
2638	0		1832.9783925
2639	0		1820.9631347
2640	0		1147.6236665
2641	0		806.3666081
2642	0		2637.3504781
2643	1	Plus1Oxy:1	2653.3453931
2644	0		2740.3430249
2645	0		1119.5923678
2646	0		3208.5683867
2647	0		1091.5862223
2648	0		2490.2787000
2649	0		2168.1914059
2650	0		1324.5975112
2651	0		2339.1392388
2652	0		2034.0268490
2653	0		1457.7547409
2654	0		3015.4891381
2655	0		2189.0884551
2656	0		2405.1142873
2657	0		2543.3733105
2658	0		3064.6768615
2659	0		2936.5819060
2660	0		1432.7635192
2661	0		3361.7154226
2662	0		1801.9395658
2663	0		1336.8077659
2664	1	NH3_Loss:1	1255.7070087
2665	0		3274.6290657
2666	0		1129.6342298
2667	0		1569.8765661
2668	0		1765.9097072
2669	0		1596.8146943
2670	0		1578.8075003
2671	0		1479.7390916
2672	0		3257.9113530
2673	0		3757.9023666
2674	0		1105.5555917
2675	0		1533.8150284
2676	0		4209.0845477
2677	0		2351.2631840
2678	0		2479.3581394
2679	0		945.4555504
2680	0		928.5592841
2681	0		1272.7223253
2682	0		3048.5555026
2683	0		1169.5426437
2684	0		3007.4595560
2685	0		3370.7043344
2686	0		2078.1271669
2687	0		1717.9613497
2688	0		1490.7979855
2689	0		2215.1847357
2690	0		1645.7735578
2691	0		1801.9797861
2692	0		2583.2756647
2693	0		1429.7928421
2694	0		3200.8058917
2695	0		3072.7109362
2696	0		1151.5102965
2697	0		1776.9508437
2698	0		2093.1618814
2699	0		1643.7248933
2700	0		1821.9446518
2701	0		1952.0689875
2702	0		963.5024983
2703	0		1326.7030300
2704	0		3903.9304108
2705	0		2578.4328834
2706	0		1047.5633790
2707	0		2928.5339095
2708	0		1219.5753934
2709	0		2746.4216520
2710	0		2474.2732116
2711	0		2528.3696181
2712	0		1117.6494877
2713	0		2938.4931070
2714	0		1660.8500194
2715	0		1852.9893474
2716	0		1594.9115681
2717	0		867.5177562
2718	0		1814.9274182
2719	0		3024.6237790
2720	1	Plus1Oxy:4	4550.3398265
2721	1	Plus1Oxy:4	3040.6186940
2722	0		4534.3449115
2723	1	Plus1Oxy:24	3040.6186940
2724	0		2675.1365885
2725	0		1519.7769162
2726	0		2238.1319763
2727	0		1516.7918510
2728	0		2986.4890806
2729	0		2526.3368685
2730	0		1570.8024143
2731	0		1858.9345373
2732	0		2363.2194037
2733	0		1255.7135360
2734	0		3225.5749702
2735	0		1342.7091755
2736	0		2506.3780624
2737	0		1433.7513715
2738	0		3152.6690852
2739	1	Plus1Oxy:25	3168.6640002
2740	0		3279.7833933
2741	0		2404.2120654
2742	0		1820.9056234
2743	0		4089.0863902
2744	0		2030.0166771
2745	0		1221.5989048
2746	0		1356.6996717
2747	0		1450.8030714
2748	0		2498.2222482
2749	0		1245.6564161
2750	0		1993.9777929
2751	0		1813.8403074
2752	0		1562.8051905
2753	0		925.5306293
2754	0		1545.8224241
2755	0		1274.6943850
2756	0		988.5592841
2757	0		790.3894514
2758	0		904.4687576
2759	0		1060.5698585
2760	0		1662.8001045
2761	0		1868.9085263
2762	0		1198.5869478
2763	0		1020.5967283
2764	0		1124.5647725
2765	0		1375.7499205
2766	0		1719.0042137
2767	0		3217.6877698
2768	0		1012.5990381
2769	0		1145.6192486
2770	0		1985.0064477
2771	0		2074.0905058
2772	0		1452.8299522
2773	0		1494.7717728
2774	0		1622.8667282
2775	0		2025.9902746
2776	0		3788.8030507
2777	0		1190.6481051
2778	0		1089.6433422
2779	0		1970.0319349
2780	0		3301.6729783
2781	0		2086.1673013
2782	0		1796.9995193
2783	0		2686.2405988
2784	0		913.5384914
2785	0		1540.8823776
2786	0		985.5344650
2787	0		1631.7538821
2788	0		2871.4187655
2789	0		2485.2200078
2790	0		1886.0359613
2791	0		1302.7216572
2792	0		1967.9484126
2793	0		2083.0771088
2794	0		2028.0059239
2795	0		2632.4110886
2796	0		1831.9216067
2797	0		1204.6451272
2798	0		2325.1422166
2799	0		2357.2742137
2800	0		2820.5707604
2801	0		2392.2134015
2802	0		1544.7404851
2803	0		557.2485391
2804	0		1269.6928007
2805	0		1028.5137872
2806	0		2039.1010117
2807	0		1510.9081988
2808	0		1119.6287524
2809	0		1700.8692388
2810	0		1089.5487892
2811	0		1897.0090341
2812	0		4074.0583925
2813	0		1247.6331813
2814	0		1413.8190548
2815	0		1038.5861649
2816	0		1279.7651784
2817	0		1280.7022580
2818	1	NH3_Loss:1	1718.8449431
2819	0		1735.8714911
2820	0		3586.7537929
2821	0		1072.5586271
2822	0		1243.6659199
2823	0		3540.8614957
2824	0		2430.4534179
2825	0		2449.2521533
2826	0		1862.9988512
2827	0		2474.2837860
2828	0		1728.9045638
2829	1	NH3_Loss:1	888.3613191
2830	0		1733.9602901
2831	0		4702.3876313
2832	0		1027.6025397
2833	0		2518.3695032
2834	0		2125.1570720
2835	0		2510.2539274
2836	0		1451.7560660
2837	0		1784.9249076
2838	0		2691.3940567
2839	0		2563.2991013
2840	0		887.4864575
2841	0		1928.0617825
2842	0		3582.8356745
2843	0		1898.0148346
2844	0		3655.9459452
2845	0		1607.8041884
2846	0		2976.4398228
2847	0		1238.5930933
2848	0		2237.2816095
2849	0		1237.5648300
2850	0		1890.9223322
2851	0		1883.9264161
2852	0		2047.0162281
2853	0		2867.3572048
2854	0		2494.2127334
2855	0		2889.5095567
2856	0		2919.4289145
2857	0		2161.2179527
2858	0		2075.0931496
2859	0		1244.6611680
2860	0		988.5592841
2861	0		1096.6855382
2862	0		1224.7804937
2863	0		1854.9838700
2864	0		1468.7561235
2865	0		3253.6817102
2866	0		2181.1792583
2867	0		861.4708082
2868	0		2468.2182109
2869	0		1834.9722580
2870	0		3179.6289973
2871	0		1475.7983195
2872	0		2041.0189294
2873	0		2332.2571818
2874	0		1771.8885915
2875	0		1155.6069686
2876	0		3195.6621384
2877	0		1502.8204483
2878	0		1654.8889145
2879	0		969.5858309
2880	0		1110.5596756
2881	0		2584.2808081
2882	0		1705.8998119
2883	0		2255.0547318
2884	0		3579.9220423
2885	0		2346.2079241
2886	0		2354.1687633
2887	0		1150.5294365
2888	0		2538.2753307
2889	0		2060.0074498
2890	0		2828.4628569
2891	0		1822.0563051
2892	0		1509.8302862
2893	0		1428.7248248
2894	0		3253.6327581
2895	0		1621.8714802
2896	0		3660.7932593
2897	0		3119.6220049
2898	0		1300.7502546
2899	0		1883.9814278
2900	0		2176.0720803
2901	0		1923.9769990
2902	0		777.4020654
2903	0		2013.9617521
2904	0		2470.2378866
2905	0		1182.6243920
2906	0		4205.0559613
2907	0		2338.2756073
2908	0		2894.5976412
2909	0		1235.6760918
2910	0		1808.7964696
2911	0		1248.6713399
2912	0		1026.5021643
2913	0		2568.1735837
2914	0		2438.1939165
2915	0		1459.7670209
2916	0		2359.1807093
2917	0		3594.9309065
2918	0		1007.5075843
2919	0		3256.5940062
2920	0		2168.1264989
2921	0		1864.9053468
2922	0		2780.3801924
2923	0		2100.9501867
2924	0		2460.2180211
2925	0		1183.6746518
2926	0		2410.2677452
2927	0		2586.3175842
2928	0		2317.1324252
2929	0		1184.5349139
2930	0		1419.7244908
2931	0		2052.1829507
2932	0		2468.2812754
2933	0		1672.9068736
2934	0		2017.0896653
2935	0		2777.4598216
2936	0		2933.5609225
2937	0		2805.4435043
2938	0		1664.8368806
2939	0		1445.7765247
2940	0		2445.2684707
2941	0		2681.3879222
2942	0		1956.9647874
2943	0		1128.6389817
2944	0		2312.1422631
2945	0		871.5014388
2946	0		3411.7594036
2947	0		1888.0127265
2948	0		4558.1681785
2949	0		1324.7098436
2950	0		1804.8300781
2951	0		1296.6713399
2952	0		983.5075843
2953	0		3502.7798158
2954	0		2786.3510019
2955	0		1237.7757417
2956	0		1038.6436762
2957	0		1081.6746408
2958	0		882.5425753
2959	0		931.5126702
2960	0		2870.4118826
2961	0		2504.4113652
2962	0		2983.7333416
2963	0		2004.0566966
2964	0		1641.8877975
2965	0		1941.9538900
2966	0		3361.7127322
2967	0		3012.6493985
2968	0		1671.9042298
2969	0		3059.6025080
2970	0		1356.7434520
2971	0		1624.7997131
2972	0		3268.7528092
2973	0		3149.6581878
2974	0		1811.9991853
2975	0		1554.8616423
2976	0		812.5119447
2977	0		1461.7285282
2978	0		2715.4607662
2979	0		1745.0814008
2980	0		1327.6295354
2981	0		1401.7727749
2982	0		1879.9063489
2983	0		3738.9314129
2984	0		2476.3535773
2985	0		2309.2629823
2986	0		1553.8234836
2987	0		1605.8514129
2988	0		1658.8184551
2989	0		2454.2905885
2990	0		2205.1138849
2991	0		1126.6961016
2992	0		1198.6379332
2993	0		2902.5148908
2994	0		1572.7969369
2995	0		2980.3913600
2996	0		2431.1366753
2997	1	Plus1Oxy:19	2996.3862750
2998	0		1213.6553566
2999	1	Plus1Oxy:11	2077.0699157
3000	0		1655.8558308
3001	0		2097.0337199
3002	0		2638.2114193
3003	0		3481.8356170
3004	0		1942.0709059
3005	0		2906.4709207
3006	0		2654.5144884
3007	0		2784.4081218
3008	1	NH3_Loss:1	3292.6832174
3009	0		2160.0486438
3010	0		2533.3579377
3011	0		3167.6249708
3012	0		2333.1861867
3013	0		1776.9144592
3014	0		2170.1017372
3015	0		1489.7485954
3016	0		2163.0703062
3017	0		1899.9511887
3018	0		3114.6058199
3019	0		2958.5047189
3020	0		2216.1067483
3021	0		1461.7099010
3022	0		2822.4643947
3023	0		2610.4123499
3024	0		2143.1564039
3025	0		948.5279855
3026	0		1706.9426760
3027	0		939.5640361
3028	0		2113.8863966
3029	0		1187.5716435
3030	0		3783.8194145
3031	0		1688.9572658
3032	0		1141.6706144
3033	0		887.4898268
3034	0		3614.7316066
3035	0		1087.5872819
3036	0		1030.5658211
3037	0		1142.5429777
3038	0		2725.3242654
3039	0		2577.3589973
3040	0		2336.1799838
3041	0		1376.6571416
3042	0		3371.8298630
3043	0		1288.7138700
3044	0		2478.2124569
3045	0		1785.0035457
3046	0		2129.2247552
3047	0		2047.1424822
3048	0		3199.7279791
3049	0		2327.1466345
3050	0		1432.7309703
3051	0		1334.6717314
3052	0		3383.6957468
3053	0		2056.0298268
3054	0		1895.9338118
3055	0		2075.8781430
3056	0		3954.9183609
3057	0		1535.7830617
3058	0		1965.1080159
3059	0		2136.1975514
3060	0		2510.2334797
3061	0		1291.5792290
3062	0		847.4803120
3063	0		1598.8990864
3064	0		2064.9962758
3065	0		1100.6076831
3066	0		1697.8583414
3067	0		2325.2075900
3068	0		1351.6475054
3069	0		1376.7299108
3070	0		2033.9740431
3071	0		1355.6832968
3072	0		1315.6618935
3073	0		1674.8001045
3074	0		1537.8939430
3075	0		2875.4577135
3076	0		2248.1221959
3077	0		1886.9260821
3078	0		1664.8045224
3079	0		2736.4022528
3080	0		1122.6549076
3081	0		1287.7186219
3082	0		991.5086438
3083	0		2546.3855440
3084	0		2714.5290891
3085	0		2120.0570990
3086	0		2292.2629248
3087	0		1743.9228570
3088	0		2621.3447990
3089	0		1755.9518458
3090	0		2198.1581890
3091	0		3273.7580384
3092	0		1750.8810524
3093	0		2951.5238699
3094	0		1447.7306363
3095	0		1694.8667282
3096	0		4165.0682303
3097	0		2216.1323678
3098	0		1987.0447506
3099	0		1065.5276624
3100	0		1302.6243920
3101	0		871.5126702
3102	0		2601.2597388
3103	0		1422.7102350
3104	0		1771.9315020
3105	0		1278.6819033
3106	0		2622.2166960
3107	0		1717.8555652
3108	0		1713.9122936
3109	0		1508.7544069
3110	0		1840.9358625
3111	0		1647.9558722
3112	0		2592.3943907
3113	0		1610.8449444
3114	0		2660.2613341
3115	0		2388.1418826
3116	0		1753.8634273
3117	0		1442.7993216
3118	0		1031.5684649
3119	0		1103.6226069
3120	0		2090.2026264
3121	0		1004.5905828
3122	0		3485.0495640
3123	0		3356.9546086
3124	0		1540.7594928
3125	0		2504.2123420
3126	0		1624.8129777
3127	0		2410.2953979
3128	0		1326.7506460
3129	0		1551.8983609
3130	0		2218.1679804
3131	0		2030.1047041
3132	0		1517.8241407
3133	0		2115.1210789
3134	0		2472.2382781
3135	0		1143.6247260
3136	0		2933.6125650
3137	0		2972.4410731
3138	0		1732.8518619
3139	0		1795.8277108
3140	0		3779.8867172
3141	0		2065.2033519
3142	0		1331.6509387
3143	0		1865.0985011
3144	0		1411.7241103
3145	0		2655.2671456
3146	0		2041.0438918
3147	0		1491.7027070
3148	0		1651.9256331
3149	0		1043.5796963
3150	0		1413.6090128
3151	0		1453.7928421
3152	0		2460.2423045
3153	0		1348.6873807
3154	0		1407.8084914
3155	0		1934.9948248
3156	0		3019.5951990
3157	0		2432.2851111
3158	0		1010.5872244
3159	0		2072.0148455
3160	0		1962.9753508
3161	0		1864.0014950
3162	0		3906.0637550
3163	0		1072.5399999
3164	0		1114.6233324
3165	0		896.3987645
3166	0		2037.0206460
3167	0		1140.6389817
3168	0		1055.5287110
3169	0		1887.0100826
3170	0		1812.9957694
3171	0		1613.8637039
3172	0		1585.9190962
3173	0		2039.0726799
3174	0		1763.9093158
3175	0		2527.2593474
3176	0		1616.8238067
3177	0		2797.5376767
3178	0		1087.5661551
3179	0		1860.9692802
3180	0		1918.0059988
3181	0		3276.6334836
3182	0		1322.5818619
3183	0		2333.1578550
3184	0		2591.3593888
3185	1	NH3_Loss:1	2755.3539210
3186	0		1581.7310278
3187	0		1640.7762126
3188	0		1852.9457578
3189	0		2160.3284890
3190	0		1934.1603729
3191	0		1758.9402804
3192	0		1676.9249076
3193	0		3138.6204206
3194	0		1448.7332801
3195	0		1630.8453249
3196	0		2762.3907558
3197	0		1624.8129777
3198	0		1170.6243920
3199	0		1119.5923678
3200	0		1276.7026386
3201	0		847.3810536
3202	0		1271.6661965
3203	0		1837.0420493
3204	0		2762.4237711
3205	0		3274.6429874
3206	0		2251.0980448
3207	0		1243.6672560
3208	0		1822.9464258
3209	0		3402.7094204
3210	0		1366.7931761
3211	0		2322.2542040
3212	0		2509.2786426
3213	0		2725.3777503
3214	0		3014.5356371
3215	0		893.5221740
3216	0		2874.5312082
3217	0		2245.2568368
3218	0		2090.0656292
3219	0		1611.8765771
3220	1	Plus1Oxy:3	1627.8714921
3221	0		1342.6914181
3222	0		1887.9359309
3223	0		1368.7360563
3224	0		1430.7880902
3225	0		1283.7196814
3226	0		1216.6087426
3227	0		1356.7612094
3228	0		2801.3500108
3229	0		2979.6755537
3230	0		4286.1129369
3231	0		1456.8136348
3232	0		2001.9619648
3233	0		2067.0392842
3234	0		3800.9259354
3235	0		2918.4516365
3236	0		2110.1421482
3237	0		2655.4594301
3238	0		1817.9457113
3239	0		2323.2746052
3240	0		1104.5814704
3241	0		2448.2912566
3242	0		997.6171295
3243	0		1407.7608754
3244	0		1615.8780171
3245	0		2312.1435992
3246	0		1709.7599527
3247	0		2221.0717572
3248	0		2792.5371529
3249	0		912.5392169
3250	0		2099.0394739
3251	0		1386.7288622
3252	0		2621.3521947
3253	0		1901.9562637
3254	0		2223.1720642
3255	0		1835.0919642
3256	0		1907.9297854
3257	0		1699.8813864
3258	0		2496.1412255
3259	0		2071.1676354
3260	0		1149.6505472
3261	0		2671.2732910
3262	0		2715.4693255
3263	0		1796.0406558
3264	0		2401.2680682
3265	0		1726.9365305
3266	0		1973.0508851
3267	0		3635.8833479
3268	1	Plus1Oxy:27	2863.4999680
3269	0		1271.7488610
3270	0		3250.7963878
3271	0		2968.5908276
3272	0		1169.5716326
3273	0		2736.2315613
3274	0		2495.1174549
3275	0		1517.8340360
3276	0		2317.1371307
3277	0		1609.8674537
3278	0		1379.6680390
3279	0		1985.0944747
3280	0		1277.7230398
3281	0		1860.0831858
3282	0		1534.8241982
3283	0		1058.5719666
3284	0		1739.9820849
3285	0		2092.0687110
3286	0		1390.7707133
3287	0		1420.6478395
3288	0		1526.7762017
3289	0		1361.6107294
3290	0		1250.7961430
3291	0		845.3595354
3292	0		1811.8358895
3293	0		2816.4529616
3294	0		1089.5818044
3295	0		3135.6292738
3296	0		3336.6089875
3297	0		2574.2542040
3298	0		2228.2965333
3299	0		1425.7575170
3300	0		2366.2440321
3301	0		1311.7145955
3302	0		2045.1420907
3303	0		1708.8242091
3304	0		2605.3572807
3305	0		2223.0992951
3306	0		2091.0444741
3307	0		917.5697901
3308	0		1077.6069576
3309	0		1171.6382672
3310	0		1829.9304535
3311	0		1013.5579015
3312	0		2104.1275584
3313	0		2116.0298268
3314	0		1579.8027484
3315	0		1975.0665344
3316	0		1893.9406254
3317	0		946.5157055
3318	0		1557.8249237
3319	0		1104.5419292
3320	0		1884.0468013
3321	0		1765.9395658
3322	0		1192.6087426
3323	0		2850.4907972
3324	0		3771.7771830
3325	0		2985.5744638
3326	0		1091.5532071
3327	0		982.5810789
3328	0		1395.6559607
3329	0		2215.1782097
3330	0		2833.4820079
3331	0		2910.4146587
3332	0		1469.8275100
3333	0		2088.1326443
3334	0		2995.4458250
3335	0		1837.9317037
3336	0		1261.6488306
3337	0		968.4603023
3338	0		1650.8463845
3339	0		2029.1015939
3340	0		1413.7503120
3341	0		1118.5971197
3342	0		1162.5981793
3343	0		2113.0703811
3344	0		3367.7093739
3345	0		2250.2040884
3346	0		3921.0515324
3347	1	Plus1Oxy:23	3937.0464474
3348	0		3135.6960234
3349	0		2621.4566430
3350	0		4721.2020280
3351	0		1084.6240005
3352	0		815.4388415
3353	0		815.4388415
3354	0		1190.6216158
3355	0		1203.6532485
3356	0		1113.6141626
3357	0		2499.3331761
3358	0		1715.8953940
3359	0		2219.0091490
3360	0		2726.5144884
3361	0		1633.8423006
3362	0		1403.7156550
3363	0		2109.0563735
3364	0		1493.8969099
3365	0		2633.2695302
3366	0		2996.4893462
3367	0		1285.6302034
3368	0		4548.1072048
3369	0		1705.8885805
3370	0		3284.8171231
3371	0		2412.2032296
3372	0		2687.3665938
3373	0		2043.9682891
3374	0		2295.1381792
3375	0		3010.3938486
3376	0		1013.5657636
3377	0		962.5436348
3378	0		1311.6206996
3379	0		2437.2045373
3380	0		1567.8568904
3381	0		988.5262689
3382	0		1637.8259832
3383	0		1356.7036981
3384	0		1412.7874221
3385	0		1499.8234727
3386	0		1950.9719815
3387	0		1810.9828104
3388	0		4164.0979666
3389	0		710.4326386
3390	0		937.5960027
3391	0		1200.6713399
3392	0		1141.5978452
3393	0		1483.7881476
3394	0		3834.7872106
3395	0		2843.3625674
3396	0		2723.4678854
3397	0		1199.6397073
3398	0		2899.4390864
3399	0		2459.1643919
3400	0		2004.0171553
3401	0		2213.0594663
3402	0		2337.2327432
3403	0		1885.0195865
3404	0		1552.7377090
3405	0		2550.2456848
3406	0		3752.0874571
3407	0		2068.2447650
3408	0		3308.5008933
3409	0		1786.9060148
3410	0		1590.9456429
3411	0		2180.1112410
3412	0		674.4002804
3413	0		2043.1727213
3414	0		2036.1768052
3415	0		2447.2695193
3416	0		3620.9775779
3417	0		1602.8616423
3418	0		1171.6568944
3419	0		1742.9673628
3420	0		3128.6180999
3421	0		1466.8092169
3422	0		2501.4766063
3423	0		2373.3816509
3424	0		3069.6537589
3425	0		3077.3628940
3426	0		1479.8772341
3427	0		3025.6890840
3428	0		2489.3164672
3429	0		1341.6451847
3430	0		1461.7503120
3431	0		1185.6029312
3432	0		1345.6302034
3433	0		1603.9336859
3434	0		2785.4067392
3435	0		2299.1305937
3436	0		2461.2640418
3437	0		2826.4761965
3438	0		2181.2407960
3439	0		2022.0421068
3440	0		1191.6103379
3441	0		1134.6032652
3442	0		3451.7958740
3443	0		1082.6698889
3444	0		3258.6633312
3445	0		2929.4707765
3446	0		1840.0093571
3447	0		3025.5363626
3448	0		2425.2885379
3449	0		1269.6175319
3450	0		1301.6978866
3451	0		1938.0097486
3452	0		978.5133957
3453	0		992.4926604
3454	0		2840.4053456
3455	0		1159.6124350
3456	0		1809.9835359
3457	0		3436.5953824
3458	0		3333.7739934
3459	0		891.4701401
3460	0		1633.8786852
3461	0		2018.0757152
3462	0		1017.5528156
3463	0		2892.4292485
3464	0		2684.5699774
3465	0		4575.3173162
3466	0		1245.6386587
3467	0		3443.7471985
3468	0		2567.2726979
3469	0		2934.4213974
3470	1	Plus1Oxy:2	2327.2670206
3471	0		2311.2721056
3472	0		1489.7775842
3473	0		3428.8189656
3474	0		3059.4730973
3475	0		1496.9078073
3476	0		2583.2525448
3477	0		3293.6144075
3478	0		2858.5210363
3479	0		4530.4748754
3480	0		1852.9464368
3481	0		912.5392169
3482	0		3832.0409006
3483	0		1205.6291439
3484	0		1738.8412985
3485	0		2194.1787454
3486	0		1300.7098436
3487	0		2867.4135527
3488	0		996.4585857
3489	0		3794.8572036
3490	0		2298.1854612
3491	0		2620.4434468
3492	0		3420.5380608
3493	0		2092.2142493
3494	0		2487.3657250
3495	0		3419.6380448
3496	0		1219.6196400
3497	0		1087.5508973
3498	0		3135.5147576
3499	0		1456.8149709
3500	0		1583.7653043
3501	0		2215.2363781
3502	0		1430.7000632
3503	0		1761.9511778
3504	0		3615.8935198
3505	0		2015.0145115
3506	0		2599.2917055
3507	0		1270.5862908
3508	0		744.4381160
3509	0		1138.6134371
3510	0		1355.7448346
3511	0		3306.7246782
3512	0		1586.7616009
3513	0		2023.0261235
3514	0		1443.7469537
3515	0		1188.5774440
3516	0		813.4708082
3517	2	NH3_Loss:1,Plus1Oxy:23	3091.5759144
3518	0		1740.9256906
3519	0		1557.8613083
3520	0		2390.2552635
3521	0		2575.4696020
3522	0		2523.3331761
3523	0		2221.1813773
3524	0		2172.1683718
3525	0		2294.1752893
3526	0		1861.0229558
3527	0		2148.1434094
3528	0		2017.1029300
3529	1	NH3_Loss:1	769.3969782
3530	0		1169.6516067
3531	0		4021.0543086
3532	0		1426.6840224
3533	0		2891.5537285
3534	0		2404.2228305
3535	0		1322.6539740
3536	0		955.5701815
3537	0		2110.2301752
3538	0		1963.1352772
3539	0		4125.0665995
3540	0		1890.9434590
3541	0		1553.8486368
3542	0		3953.0930030
3543	0		2163.0846943
3544	0		2255.1432652
3545	0		1076.5501718
3546	0		1588.8459930
3547	0		3069.5994262
3548	0		3522.7451479
3549	0		1388.6836309
3550	0		2050.0668794
3551	0		2196.2153088
3552	0		2614.3039390
3553	0		2829.3893623
3554	0		1432.7231082
3555	0		974.5548662
3556	0		792.4169893
3557	0		863.4540993
3558	0		3728.9021184
3559	0		4110.1423930
3560	0		1735.9256331
3561	0		3104.5936257
3562	0		4136.2267851
3563	0		2662.3066293
3564	0		2884.4605471
3565	0		1021.5266029
3566	0		2863.4689450
3567	0		1364.7121534
3568	0		1398.8267845
3569	0		1785.9194986
3570	0		4456.2965874
3571	0		2655.2855601
3572	0		1391.7771928
3573	0		1500.7969369
3574	0		2358.2615997
3575	0		2911.4350600
3576	0		1727.8477780
3577	0		1840.9028472
3578	0		3545.8516578
3579	0		1752.8317947
3580	0		2071.0584816
3581	0		2290.1778757
3582	0		2106.1254503
3583	0		4684.3173727
3584	0		4815.8277611
3585	0		2323.1921314
3586	0		1886.0586149
3587	0		1888.9603585
3588	0		1662.8463845
3589	0		2019.0927471
3590	0		3456.6658417
3591	0		1552.7785863
3592	0		3409.7761125
3593	0		2248.2789656
3594	0		3222.5687782
3595	0		1574.7768587
3596	0		1266.7659039
3597	0		1398.7394146
3598	0		2796.5345666
3599	1	Plus1Oxy:10	2812.5294816
3600	0		1559.7942931
3601	0		1985.2474088
3602	0		4248.1477665
3603	0		3104.4213225
3604	0		1375.6401097
3605	0		2337.1923322
3606	0		2644.2769944
3607	0		1544.7946271
3608	0		1329.7139274
3609	0		2239.1517205
3610	0		2630.3451330
3611	0		3004.6119544
3612	0		1391.6568076
3613	0		1872.9138021
3614	0		2622.3387109
3615	0		3215.6283402
3616	0		4964.6550059
3617	0		2680.3594462
3618	0		2406.0506880
3619	0		3463.7291645
3620	0		3074.5823833
3621	0		3042.6289398
3622	0		813.5323459
3623	0		2747.4427323
3624	0		1091.6702229
3625	0		2024.9948358
3626	0		1206.6243920
3627	0		2486.2759239
3628	0		1836.0355698
3629	0		3077.5854186
3630	0		4084.0436129
3631	0		1192.5876159
3632	0		939.4337556
3633	0		1347.6822373
3634	0		1306.6880488
3635	0		1507.8357636
3636	0		3318.7215215
3637	0		2776.4441258
3638	0		1385.6648714
3639	0		1379.6720654
3640	0		1787.9668271
3641	0		1277.7019130
3642	0		3322.7117302
3643	0		1298.7193474
3644	0		1838.9413399
3645	0		2608.3270880
3646	0		3932.0351576
3647	0		2260.1461856
3648	0		4091.0784132
3649	0		3924.1358561
3650	0		3901.9524821
3651	0		2906.4521028
3652	0		1678.8817095
3653	0		3674.7160951
3654	0		1358.7921166
3655	1	Acetyl:1	1915.9923893
3656	0		1212.5695819
3657	0		2897.6224603
3658	0		2028.0275170
3659	0		2615.2654928
3660	0		1396.8176612
3661	0		1165.5978452
3662	0		2162.0849535
3663	0		1953.9141361
3664	0		979.5742079
3665	0		3679.7601866
3666	0		2759.5155014
3667	0		3120.5622412
3668	0		1277.7455026
3669	0		549.3162224
3670	0		788.4643287
3671	0		1653.9816934
3672	0		1217.6767599
3673	0		2775.5533261
3674	0		1972.0087001
3675	0		2521.3208961
3676	0		2417.2225713
3677	0		2392.3212191
3678	0		1083.6287524
3679	0		3216.5348822
3680	0		2592.4022528
3681	0		2066.0651628
3682	0		2631.4304413
3683	0		1677.7746174
3684	0		1988.0941407
3685	0		2560.2596814
3686	0		3079.6691317
3687	0		4451.3151972
3688	0		3008.4878194
3689	1	Plus1Oxy:16	3324.6698691
3690	0		3308.6749541
3691	0		1736.8256492
3692	0		1545.8249237
3693	0		3281.6501350
3694	0		1174.5505633
3695	0		4905.4296376
3696	0		1068.6364822
3697	0		2127.1363367
3698	0		1356.7248248
3699	0		3426.7629053
3700	0		1554.9092583
3701	0		3429.8757514
3702	0		1140.7157773
3703	0		2705.4063367
3704	0		2003.0951428
3705	0		2192.1662528
3706	0		2858.5117981
3707	0		2556.3586632
3708	0		2898.4550697
3709	0		2615.3553623
3710	0		2604.3698947
3711	0		3413.7678479
3712	0		2976.4717147
3713	0		1375.7557894
3714	0		1098.6648030
3715	0		1130.6811203
3716	0		1378.7455601
3717	0		1027.6099354
3718	0		3943.9987730
3719	0		1291.6255090
3720	0		3467.7069782
3721	0		1280.7087840
3722	0		1115.6185805
3723	0		2870.5540516
3724	0		1313.6437446
3725	0		2258.1793157
3726	0		1432.7561235
3727	0		921.4807035
3728	0		2255.2259297
3729	0		1383.7509801
3730	0		2439.3776135
3731	0		1105.5879499
3732	0		2629.3712024
3733	0		1113.6644689
3734	0		1267.7499205
3735	0		1429.7234422
3736	0		1416.8088254
3737	0		2197.1952991
3738	0		1169.6655285
3739	0		3501.7414445
3740	0		2146.2221224
3741	0		4272.1925196
3742	0		2540.3947713
3743	0		1678.9001459
3744	0		1260.6560821
3745	0		1859.9524390
3746	0		1343.7482039
3747	0		1044.5927018
3748	0		1259.7124764
3749	0		1319.8288352
3750	0		1374.8597998
3751	0		1230.6641459
3752	0		954.5861649
3753	0		4377.2577607
3754	0		1125.6505472
3755	0		1229.6688978
3756	0		757.3282367
3757	0		895.4472968
3758	0		2940.5860183
3759	0		885.5283195
3760	0		2148.1425397
3761	0		2782.4607488
3762	0		1035.5600096
3763	0		3407.6797919
3764	0		2664.4056222
3765	0		1277.6549761
3766	0		1088.5977878
3767	0		2387.2194037
3768	0		1294.6339068
3769	0		4806.5111093
3770	0		1632.8973588
3771	0		3662.8672497
3772	0		1316.7087840
3773	0		2472.3950478
3774	0		2562.2998268
3775	0		3261.7892513
3776	0		2060.1192939
3777	0		2982.5197860
3778	0		1412.7874221
3779	0		972.5392169
3780	0		1069.6283609
3781	0		2275.1443247
3782	0		2399.2272658
3783	0		1542.8193888
3784	0		2414.2916481
3785	0		4552.3752255
3786	0		1009.5232336
3787	0		900.5392169
3788	0		2420.1173226
3789	0		1183.6196400
3790	0		1302.6778769
3791	0		1040.6593255
3792	0		976.4833583
3793	0		1364.6645374
3794	0		3554.6880171
3795	0		2640.4307753
3796	0		2883.5088886
3797	0		1352.6975526
3798	0		2910.3791439
3799	0		4871.7680427
3800	0		2058.0632335
3801	0		1998.0090915
3802	0		1689.8685133
3803	0		2081.2207288
3804	0		1386.8081574
3805	0		1968.0890547
3806	0		1938.0726225
3807	0		2037.0642356
3808	0		3450.8947126
3809	0		1044.5273284
3810	0		1418.6928581
3811	0		3544.8961636
3812	0		2271.1799263
3813	0		1634.9718556
3814	0		1516.7884816
3815	0		1276.5934848
3816	0		3574.7108824
3817	0		2271.1568064
3818	0		1242.6648030
3819	0		3103.7466063
3820	0		3009.5850162
3821	0		3887.0103275
3822	0		3490.9192945
3823	0		3860.9656893
3824	0		2675.3991427
3825	0		2070.0666029
3826	0		1198.6743178
3827	0		988.5592841
3828	0		3542.7971927
3829	0		2728.4355847
3830	0		1330.6702914
3831	0		2802.3975584
3832	1	NH3_Loss:1	2765.4247719
3833	0		3806.9623310
3834	0		939.5752675
3835	0		3705.8479079
3836	0		3299.5333208
3837	0		1706.0201971
3838	0		1149.5487892
3839	0		1800.9733066
3840	0		1435.6976210
3841	0		2357.3027362
3842	0		2781.4699935
3843	0		857.4792635
3844	0		1910.0161707
3845	0		1446.6634888
3846	0		1201.6562263
3847	0		2432.3174693
3848	0		3347.7639832
3849	0		1216.5182161
3850	0		1469.8241407
3851	0		1320.6131715
3852	0		1391.6788041
3853	1	MinusH2O:1	4543.2868628
3854	0		571.2713935
3855	0		1433.7223827
3856	0		884.5694560
3857	0		1786.8961195
3858	0		3625.1445195
3859	0		1619.8769576
3860	0		2828.5223614
3861	0		3723.8283591
3862	0		2033.9441845
3863	0		1807.9263121
3864	0		4154.1807069
3865	0		3486.7929546
3866	0		2979.5050530
3867	0		4728.5270352
3868	0		2518.2603494
3869	0		3899.9666914
3870	0		1008.5967283
3871	0		1289.6801292
3872	0		2990.6214582
3873	0		1291.5872819
3874	0		1419.7357222
3875	0		4122.2284269
3876	0		3407.7631354
3877	0		1857.0359039
3878	0		3284.7265965
3879	0		978.4770111
3880	0		1009.5919763
3881	0		3860.2251333
3882	0		4775.4702493
3883	0		2094.9355969
3884	0		3286.6954996
3885	0		2659.4114336
3886	0		2437.2231645
3887	0		2059.0432238
3888	0		3125.7711772
3889	0		3770.9492571
3890	1	Acetyl:1	2911.5323318
3891	0		1339.7458941
3892	0		1198.6781534
3893	0		619.3363005
3894	0		1470.7565150
3895	0		2688.3101994
3896	0		1314.5298390
3897	0		970.5599522
3898	0		1926.0800182
3899	1	MinusH2O:1	1696.8168118
3900	0		4538.2942027
3901	0		902.5072502
3902	0		3076.6079280
3903	0		1073.6232750
3904	0		3446.7527334
3905	0		1286.7669634
3906	0		3674.8929092
3907	0		949.4327070
3908	0		4535.3004057
3909	0		2278.2209989
3910	0		1187.6760918
3911	0		2426.2988531
3912	0		1185.6141626
3913	0		2172.2161786
3914	0		3869.1214854
3915	0		2115.0635676
3916	0		1125.5705730
3917	1	Acetyl:1	2549.4507807
3918	0		1783.0130495
3919	0		2492.4185702
3920	0		1206.5880074
3921	0		1361.6898338
3922	0		1250.5374245
3923	0		1189.4920608
3924	0		1359.8376710
3925	0		2136.0771662
3926	0		1228.7138700
3927	0		802.4184403
3928	0		3229.6657733
3929	0		1570.8354296
3930	0		2438.2626592
3931	0		1217.6655285
3932	0		2730.3070318
3933	1	MinusH2O:1	2721.2716477
3934	0		959.5109536
3935	0		1961.9549495
3936	0		3413.7790794
3937	0		1533.8653347
3938	0		2649.4389714
3939	0		967.5701815
3940	0		2151.0595412
3941	0		3331.6262430
3942	0		4113.0310628
3943	1	Acetyl:1	4210.0962456
3944	0		3864.7818591
3945	0		2242.1188375
3946	0		886.4395670
3947	0		940.5228996
